City,State,Drive,Carpool,Transit,Walk,OtherTransp,WorkAtHome,MeanCommute
Aberdeen,WA,76.9,13.4,1.5,2.2,2.0,3.9,24.2
Abilene,TX,81.4,11.4,0.6,2.3,1.8,2.5,15.9
Abingdon,MD,83.2,9.1,1.7,1.4,0.8,3.9,31.7
Abingdon,VA,84.2,8.8,0.3,1.8,0.6,4.2,23.2
Adams Run,SC,83.6,9.9,0.6,0.9,1.2,3.8,28.2
Addison,ME,74.4,12.2,0.2,5.2,1.0,7.0,20.1
Addison,PA,82.4,9.7,0.1,2.2,1.0,4.6,23.2
Adena,OH,86.3,7.7,0.4,2.6,1.1,1.9,22.5
Adger,AL,84.5,12.0,0.3,0.9,1.0,1.3,30.0
Adjuntas,PR,87.9,5.6,0.0,5.5,0.0,1.0,29.7
Adrian,MI,82.9,10.0,0.3,3.0,0.8,3.0,27.1
Adrian,TX,80.9,9.0,0.0,3.9,1.0,5.2,17.6
Afton,TX,75.3,9.7,0.0,6.2,2.8,6.1,16.1
Afton,WY,74.5,13.0,1.3,3.6,0.5,7.1,29.9
Aguada,PR,78.35,13.649999999999999,0.55,3.6,0.8,2.95,23.35
Aguadilla,PR,90.6,5.6,0.4,3.1,0.1,0.2,25.5
Aguas Buenas,PR,81.4,8.9,3.0,3.6,0.8,2.3,34.0
Aguirre,PR,84.0,5.9,0.5,6.0,2.3,1.3,24.1
Aiken,SC,86.0,9.5,0.1,2.2,1.0,1.3,27.5
Akron,AL,88.2,8.8,0.0,0.3,1.5,1.2,29.8
Akron,IN,84.9,8.9,0.3,1.6,1.8,2.6,23.6
Akutan,AK,18.4,4.9,0.5,71.2,2.2,2.8,4.9
Alamo,TN,88.4,6.1,0.0,1.3,0.5,3.7,23.4
Alamogordo,NM,76.4,16.9,0.6,2.6,1.1,2.4,19.1
Alamosa,CO,79.1,12.4,0.2,2.9,0.9,4.4,18.2
Albany,GA,83.33333333333333,10.166666666666666,1.0,1.2,1.3666666666666665,2.866666666666667,22.433333333333334
Albany,KY,84.6,11.2,0.3,0.4,1.1,2.5,19.1
Albany,MN,78.6,7.9,1.6,4.4,1.3,6.2,20.5
Albany,OH,84.7,9.1,0.1,2.3,0.9,2.8,29.3
Albany,OR,65.4,8.4,2.1,7.1,9.4,7.6,19.5
Albion,NE,77.0,7.5,0.0,4.7,1.0,9.8,17.0
Albrightsville,PA,82.9,7.5,0.4,3.0,2.6,3.6,31.7
Albuquerque,NM,79.9,9.4,1.8,2.0,2.6,4.1,21.6
Alexander,IA,78.8,8.5,0.2,6.3,0.7,5.4,15.9
Alexander City,AL,87.1,9.0,0.1,0.4,1.2,2.2,28.5
Alexandria,KY,82.6,7.8,2.2,3.4,1.1,2.9,22.1
Alexandria,NE,79.6,7.0,0.1,3.6,0.4,9.4,14.4
Alice,TX,70.0,19.3,0.0,5.7,1.7,3.3,26.9
Aliceville,AL,86.2,8.4,0.3,2.8,0.3,2.0,24.3
Alix,AR,77.5,12.2,1.0,1.7,0.6,7.1,27.1
Alleghany,CA,71.1,8.8,0.0,4.2,3.8,12.1,28.2
Allen,TX,81.6,7.2,1.1,0.8,1.4,7.8,28.2
Allendale,IL,82.2,10.4,0.4,2.4,0.9,3.8,17.7
Allenhurst,GA,79.5,12.7,0.5,0.9,6.1,0.3,27.4
Alleyton,TX,87.2,7.8,1.1,1.9,0.2,1.8,21.4
Alliance,NE,71.5,10.3,0.0,9.9,1.4,6.9,18.0
Allison,TX,86.5,8.0,0.0,1.3,1.9,2.3,18.1
Allouez,MI,71.3,15.8,0.1,3.9,1.3,7.6,22.0
Alma,GA,80.3,15.299999999999999,0.45,1.6,0.7,1.7,20.55
Alma Center,WI,79.7,11.1,0.1,2.5,1.3,5.3,22.1
Almena,WI,79.2,7.6,0.2,5.5,1.3,6.2,19.6
Almyra,AR,80.9,13.0,0.3,2.1,1.4,2.4,15.1
Alpena,AR,78.5,11.6,0.0,4.4,0.6,4.8,19.6
Alpena,MI,79.5,11.7,0.0,2.7,1.6,4.5,24.8
Alpena,SD,70.8,10.0,0.5,6.4,1.1,11.2,17.4
Alpharetta,GA,72.8,8.1,7.0,2.8,1.4,7.9,27.4
Alpine,CA,76.0,9.3,3.0,2.9,2.0,6.8,25.0
Alpine,TN,87.6,8.5,0.3,0.4,0.6,2.5,27.2
Alston,GA,85.2,7.8,0.3,1.5,2.9,2.2,20.5
Altamont,NY,80.3,7.6,4.0,3.3,1.4,3.4,22.6
Alto,GA,84.0,8.8,0.5,2.0,1.7,3.0,24.8
Alto,NM,72.6,14.9,0.0,3.8,1.5,7.2,21.4
Altonah,UT,84.0,8.4,0.5,3.2,0.8,3.1,22.0
Altoona,FL,80.5,11.4,0.3,1.1,1.5,5.3,28.2
Altus,OK,81.5,12.7,0.2,2.3,1.2,2.1,15.0
Alva,OK,80.25,9.6,0.1,3.9,1.45,4.75,15.95
Alvo,NE,84.2,9.6,0.1,2.2,0.8,3.1,26.6
Amado,AZ,76.6,9.9,2.8,2.5,3.7,4.6,24.4
Amargosa Valley,NV,75.7,14.0,1.1,3.1,2.3,3.7,24.8
Amarillo,TX,80.55,13.05,0.8500000000000001,1.55,1.25,2.7,18.700000000000003
Amasa,MI,81.7,10.5,0.3,2.7,1.1,3.7,21.1
Amboy,WA,78.8,9.2,2.4,1.8,1.5,6.3,25.3
Amelia,NE,73.1,10.2,0.5,5.0,0.7,10.5,13.9
Amistad,NM,78.0,13.9,1.2,1.4,2.1,3.5,14.3
Amity,AR,78.7,14.5,0.8,1.8,2.1,2.1,26.0
Anaconda,MT,68.19999999999999,12.45,0.4,6.3,1.2000000000000002,11.55,22.799999999999997
Anamosa,IA,82.0,9.5,0.4,3.2,0.6,4.4,24.9
Anawalt,WV,84.9,10.0,0.6,1.7,0.3,2.5,25.2
Anchorage,AK,75.4,11.9,1.9,3.1,4.0,3.7,19.5
Andalusia,AL,86.9,8.6,0.30000000000000004,1.35,1.2,1.6500000000000001,24.3
Anderson,SC,86.5,8.1,0.3,1.2,1.5,2.4,23.0
Andersonville,GA,73.1,15.0,1.8,2.3,3.7,4.1,24.9
Andrews,NC,83.1,8.2,0.3,2.7,1.4,4.2,22.6
Andrews,TX,78.0,18.2,0.0,0.1,1.2,2.5,19.3
Angela,MT,72.1,10.0,0.3,6.9,3.5,7.2,14.1
Angola,LA,89.3,7.7,0.0,0.1,0.3,2.6,28.4
Angoon,AK,37.5,9.8,1.8,29.3,10.5,11.0,9.0
Angora,NE,71.7,13.3,0.6,5.1,1.3,7.9,17.5
Animas,NM,78.6,10.8,0.1,3.8,1.0,5.9,20.0
Annabella,UT,79.4,11.7,0.8,1.6,2.1,4.4,16.5
Annapolis,MO,85.6,8.6,0.0,0.8,2.0,3.0,26.6
Anniston,AL,85.3,9.4,0.2,1.2,1.2,2.7,24.1
Antigo,WI,81.7,8.3,0.4,3.9,1.7,4.0,21.9
Apache,OK,83.3,11.1,0.6,2.2,1.0,1.8,21.6
Appleton City,MO,78.8,7.6,0.3,4.9,2.7,5.7,25.7
Arab,AL,82.0,12.9,0.2,1.0,0.8,3.1,23.6
Aragon,NM,70.3,5.9,0.0,8.1,1.1,14.7,16.0
Aransas Pass,TX,79.6,11.5,0.0,2.9,0.9,5.0,22.0
Arapahoe,NC,75.3,14.9,0.0,1.9,2.5,5.3,26.3
Arapahoe,NE,73.2,12.2,0.1,4.1,1.5,9.0,14.5
Arcadia,FL,68.7,18.0,6.2,2.0,2.6,2.6,25.0
Arcadia,LA,84.7,9.8,0.0,3.5,0.5,1.5,24.4
Arcadia,NE,73.0,13.1,0.0,5.3,0.7,7.8,13.7
Arcanum,OH,84.35,9.4,0.4,1.7,1.15,3.05,23.4
Arco,ID,76.4,10.6,1.2,7.4,0.4,4.0,21.3
Arcola,IL,75.3,10.3,0.1,4.1,4.9,5.3,21.1
Ardenvoir,WA,76.8,9.6,1.5,4.4,2.5,5.3,18.2
Ardmore,OK,78.9,13.7,0.4,2.5,0.6,3.9,23.8
Arena,WI,76.4,11.1,0.4,4.1,1.7,6.4,26.1
Arkadelphia,AR,79.2,10.7,0.4,4.1,1.3,4.3,21.5
Arlington,KY,82.7,8.9,0.0,0.1,2.7,5.7,25.5
Arlington,NE,85.1,6.9,0.0,3.1,0.5,4.5,21.2
Arlington,OR,71.2,8.3,0.7,10.1,2.2,7.5,14.2
Arlington,TX,82.9,10.0,0.6,1.2,1.4,3.9,26.5
Arlington,VA,56.45,7.25,24.049999999999997,4.25,2.6,5.4,29.450000000000003
Armagh,PA,80.5,8.5,0.6,5.3,1.9,3.2,22.2
Armour,SD,73.3,5.7,0.5,5.2,0.8,14.5,14.4
Armstrong,TX,94.6,0.0,0.0,5.4,0.0,0.0,16.6
Arnett,WV,84.3,9.7,0.1,1.9,1.2,2.7,24.3
Arnold,CA,62.5,13.7,0.0,8.4,1.8,13.7,24.3
Arnold,KS,76.9,9.4,0.1,5.6,1.1,7.0,10.8
Arnold,NE,75.5,10.7,0.0,3.9,1.8,8.1,16.7
Arpin,WI,82.0,8.2,0.2,4.1,1.9,3.6,18.9
Arroyo,PR,85.1,11.0,2.1,0.8,0.0,1.0,21.3
Artemus,KY,85.8,9.5,0.9,1.4,0.2,2.1,20.9
Ash,NC,79.6,13.3,0.4,0.7,1.2,4.8,23.7
Ash Grove,MO,79.85,11.55,0.39999999999999997,2.1500000000000004,1.6,4.45,20.85
Ashburn,GA,78.95,12.5,0.35,1.5,2.95,3.8,22.2
Ashburnham,MA,81.7,8.7,1.6,2.7,1.0,4.2,28.3
Ashford,WV,87.0,8.7,0.0,2.7,0.1,1.5,30.4
Ashland,AL,84.3,10.4,0.6,1.8,0.9,2.1,30.3
Ashland,IL,76.6,14.6,0.4,2.7,1.4,4.2,21.3
Ashland,KY,82.3,11.1,0.3,3.5,1.2,1.6,21.1
Ashland,MA,68.9,7.5,11.4,4.9,2.2,5.2,29.3
Ashley,ND,75.8,7.4,0.3,9.4,0.7,6.4,12.5
Aspen,CO,52.3,8.4,11.9,10.4,6.5,10.4,17.8
Assaria,KS,83.0,8.4,0.5,1.8,3.1,3.2,14.4
Astoria,NY,31.6,6.4,52.3,5.8,1.5,2.4,42.6
Atchison,KS,73.6,10.9,0.1,7.4,1.0,6.9,20.8
Athens,AL,87.4,8.9,0.3,0.6,0.6,2.1,26.3
Athens,GA,74.6,11.5,4.1,4.2,2.8,2.9,19.3
Athens,TN,85.8,9.8,0.1,0.8,0.5,3.0,23.0
Atkins,AR,81.9,12.8,0.6,1.3,1.3,2.2,24.7
Atlanta,MI,82.6,7.7,0.0,3.0,0.8,6.0,27.2
Atlantic,VA,79.9,11.2,0.5,4.0,1.7,2.7,20.9
Atlantic City,NJ,76.1,8.3,7.4,3.4,2.8,2.0,23.8
Attleboro,MA,82.1,9.0,2.5,2.3,0.9,3.1,27.6
Atwood,TN,85.5,8.1,0.2,1.6,2.3,2.3,24.7
Au Gres,MI,81.5,9.6,0.8,2.9,1.5,3.7,26.2
Auburn,AL,76.25,13.95,0.6,5.35,1.5499999999999998,2.25,24.65
Auburn,KY,86.1,7.9,0.2,1.4,2.5,1.9,21.6
Auburn,WV,81.7,12.1,0.0,2.2,1.3,2.8,25.8
Auburntown,TN,82.2,12.4,0.2,1.0,0.8,3.4,33.5
Audubon,MN,77.8,10.8,0.4,2.9,1.5,6.6,22.8
Augusta,GA,84.2,9.75,0.9500000000000001,2.1,0.9,2.0999999999999996,22.7
Augusta,KY,81.1,12.0,0.0,1.7,0.6,4.6,37.8
Augusta,MO,87.0,6.0,0.2,1.0,1.0,4.8,25.3
Aurora,CO,77.6,12.0,3.7,1.2,1.2,4.4,28.8
Aurora,MO,77.8,14.5,0.2,2.3,1.0,4.2,22.5
Austin,NV,56.7,19.5,13.1,6.0,1.6,3.1,25.3
Austin,PA,78.5,11.6,0.0,6.5,1.0,2.4,15.9
Austin,TX,74.3,10.1,3.5,2.1,2.7,7.4,24.8
Austinburg,OH,83.4,9.3,0.8,1.9,1.5,3.1,25.2
Austinville,VA,83.5,12.6,0.2,0.5,0.2,3.0,25.3
Autaugaville,AL,87.5,8.8,0.1,0.5,1.3,1.8,26.5
Avera,GA,78.3,14.0,0.6,2.9,0.5,3.7,24.5
Avinger,TX,88.1,5.8,0.3,1.2,2.3,2.3,25.1
Avoca,TX,78.4,15.9,0.0,1.7,1.7,2.3,21.4
Avondale,CO,79.9,12.2,1.0,2.7,1.2,3.0,21.1
Axtell,TX,81.55,11.9,0.2,1.65,1.1,3.6,19.5
Axton,VA,87.8,8.9,0.3,0.2,0.6,2.2,23.9
Azle,TX,82.1,10.9,0.0,0.8,0.6,5.5,32.2
Bainbridge,NY,75.9,12.5,0.7,5.0,0.8,5.2,23.7
Bajadero,PR,85.7,9.4,0.5,2.3,0.5,1.7,27.9
Baker,MT,78.1,6.7,0.0,5.7,0.6,8.9,13.2
Baker City,OR,72.3,11.2,0.2,5.9,3.1,7.3,15.6
Bakersfield,CA,77.8,13.9,1.1,1.4,2.9,2.9,23.6
Bakersfield,MO,84.6,8.9,0.1,1.4,1.3,3.7,19.7
Baldwin,IA,83.9,8.1,0.9,2.5,1.2,3.4,19.5
Baldwyn,MS,88.0,8.1,0.3,1.0,0.7,1.9,19.5
Balko,OK,84.6,7.4,0.6,2.7,0.8,3.9,19.8
Ball Ground,GA,80.1,8.9,0.4,0.9,1.9,7.8,32.7
Baltic,OH,51.7,21.8,0.3,6.9,10.5,8.9,21.8
Baltimore,MD,60.2,9.2,18.6,6.7,2.1,3.1,30.5
Bandana,KY,85.9,6.4,1.8,0.8,2.5,2.6,23.7
Banks,AL,87.2,5.8,0.7,2.2,0.9,3.2,19.2
Barceloneta,PR,82.1,7.1,0.0,6.3,1.9,2.6,24.9
Barksdale,TX,56.2,14.4,0.0,5.7,7.2,16.5,23.2
Barnesville,GA,79.5,16.1,0.5,0.6,1.2,2.0,23.3
Barnesville,MN,77.8,10.1,0.2,3.6,0.7,7.6,19.1
Barnhart,MO,85.8,9.8,0.2,0.5,0.4,3.1,30.3
Barnum,IA,84.3,7.1,0.4,2.0,1.5,4.7,16.1
Barranquitas,PR,89.25,5.050000000000001,0.7,2.2,0.15,2.55,32.6
Bartlett,TX,80.6,9.4,0.7,0.9,1.4,6.9,27.2
Barton,NY,84.8,8.7,0.5,1.4,1.3,3.3,23.3
Bartow,GA,82.0,12.0,0.5,0.6,2.7,2.2,21.3
Basehor,KS,81.5,12.5,0.1,1.9,1.4,2.6,22.3
Basile,LA,80.2,12.8,0.2,2.4,2.5,2.0,27.8
Bassett,AR,79.7,14.4,0.1,1.5,2.3,1.9,17.9
Batavia,NY,83.2,8.6,0.4,3.4,1.6,2.9,21.9
Bates,OR,72.8,11.4,0.8,5.5,1.4,8.1,18.2
Batesburg,SC,77.6,12.2,2.0,1.8,1.7,4.8,30.7
Batesville,IN,83.6,7.6,0.3,1.7,2.0,4.9,26.3
Bath,IL,82.3,9.2,0.3,3.3,1.4,3.5,25.6
Bath Springs,TN,87.5,6.3,0.1,1.6,1.0,3.5,26.7
Battle Creek,NE,81.3,10.7,0.3,2.1,2.3,3.4,14.7
Battle Ground,IN,81.8,10.9,0.2,1.9,1.3,4.0,24.1
Battle Mountain,NV,61.1,8.1,3.9,25.0,0.0,2.0,17.0
Bauxite,AR,85.9,9.8,0.2,0.7,0.8,2.7,25.5
Bay City,MI,86.4,8.1,0.8,1.6,0.9,2.3,21.5
Bay City,TX,80.8,13.7,0.7,2.3,0.5,1.9,23.1
Bay Port,MI,81.3,9.2,0.5,3.6,1.1,4.3,20.7
Bayamon,PR,75.2,12.9,4.8,2.0,3.3,1.9,35.6
Bayport,NY,79.3,7.9,6.5,1.6,1.2,3.5,31.4
Beach,ND,71.4,8.3,0.0,9.4,2.1,8.8,12.7
Beach Haven,NJ,82.5,7.5,2.1,1.6,1.6,4.7,30.9
Bealeton,VA,78.8,9.9,1.4,1.6,0.9,7.2,39.8
Bear Creek,NC,76.6,10.8,1.1,1.1,2.6,7.8,28.3
Beattyville,KY,79.8,14.1,0.0,1.1,0.0,5.1,32.5
Beaufort,SC,75.5,11.5,0.5,2.7,2.8,6.9,21.9
Beaumont,KY,83.1,7.9,0.0,1.6,0.5,7.0,22.9
Beaverton,MI,80.9,8.7,1.1,2.8,1.9,4.6,26.3
Beaverton,OR,73.4,10.4,6.3,2.7,1.9,5.3,24.5
Bechtelsville,PA,80.2,9.8,1.7,3.3,1.5,3.6,24.4
Becker,MN,83.0,9.2,1.4,0.7,1.4,4.3,32.3
Bedford,KY,86.3,10.1,0.0,0.3,1.1,2.3,29.6
Bee Branch,AR,83.4,10.3,0.2,1.8,1.1,3.3,27.4
Beeson,WV,84.4,9.3,0.5,2.8,1.1,2.0,21.6
Beeville,TX,81.0,13.2,0.0,2.4,1.5,1.9,23.0
Bejou,MN,79.1,6.5,0.3,4.2,1.5,8.4,21.7
Belden,MS,86.6,9.0,0.1,0.7,1.5,2.1,24.1
Belgium,WI,84.6,6.1,0.5,1.7,1.3,5.7,24.0
Bella Vista,CA,81.9,8.1,0.7,2.1,1.8,5.5,20.0
Bellaire,MI,74.3,14.7,0.6,2.2,1.1,7.0,24.5
Belle Plaine,MN,83.9,7.3,1.8,0.9,1.1,5.0,26.4
Belleview,MO,80.5,10.1,0.1,2.6,1.8,4.9,25.2
Belleville,IL,81.9,7.6,4.3,1.7,1.3,3.2,24.4
Bellevue,NE,86.9,8.2,0.2,0.6,1.0,3.1,20.6
Bellevue,TX,84.2,8.9,0.0,1.8,1.1,4.0,24.8
Bells,TX,78.8,12.1,0.4,1.9,1.2,5.6,25.0
Belmont,NY,74.3,9.1,0.6,11.5,1.5,3.0,21.4
Belpre,OH,85.6,8.0,0.2,2.8,0.8,2.5,22.4
Belvidere,NC,82.6,9.1,0.0,3.0,2.5,2.7,27.7
Bend,OR,79.8,9.0,0.0,3.8,1.4,6.0,21.3
Benicia,CA,76.6,13.7,2.8,1.7,1.5,3.8,30.1
Benkelman,NE,76.6,2.6,0.4,7.5,2.2,10.6,14.0
Bennett,IA,81.7,8.0,0.1,2.5,1.2,6.5,25.1
Bennington,IN,85.6,9.0,0.0,2.8,1.4,1.2,31.2
Bennington,VT,75.9,9.4,0.3,5.8,1.8,6.7,19.1
Benzonia,MI,76.8,13.1,1.8,2.1,1.1,5.2,25.9
Berea,KY,80.65,13.45,0.8999999999999999,0.75,1.1,3.0500000000000003,30.650000000000002
Berkeley Springs,WV,79.7,15.4,0.0,1.6,0.7,2.7,33.1
Berlin Heights,OH,83.4,9.7,0.7,2.8,1.1,2.3,20.9
Bern,ID,71.2,18.1,1.0,3.2,1.3,5.2,20.0
Bernalillo,NM,81.9,8.3,1.2,1.3,1.5,5.7,29.2
Berryton,KS,81.4,12.1,0.1,2.4,0.6,3.4,29.3
Berthoud,CO,79.2,10.9,0.6,2.3,1.8,5.2,26.3
Berwick,LA,81.5,11.0,0.4,2.7,3.0,1.4,21.9
Bessemer,MI,80.8,10.6,0.7,4.0,1.4,2.5,17.5
Bethlehem,GA,79.8,11.5,1.1,1.0,1.3,5.4,32.1
Bethlehem,PA,83.4,7.8,1.7,2.5,1.2,3.4,27.7
Bethune,CO,76.5,11.1,0.7,3.1,1.0,7.6,12.3
Beulah,MS,81.4,12.5,0.2,3.0,0.5,2.3,17.4
Beulah,ND,60.1,12.0,0.0,3.4,3.4,21.1,24.9
Biddeford,ME,79.6,9.8,0.7,2.4,1.4,6.1,27.8
Big Cabin,OK,82.9,10.3,0.1,0.8,0.9,5.0,23.9
Big Pine Key,FL,67.4,9.7,2.2,4.4,10.7,5.6,18.8
Big Rock,TN,83.8,9.1,0.1,1.8,2.3,2.9,34.4
Big Rock,VA,87.8,8.4,0.5,1.3,1.3,0.7,28.9
Big Sandy,MT,61.9,9.4,1.8,8.6,2.5,15.8,16.9
Big Sandy,TN,83.6,12.0,0.1,0.6,1.5,2.3,24.5
Big Spring,TX,81.1,5.8,0.0,2.6,1.2,9.3,21.0
Big Wells,TX,79.3,8.2,0.1,4.5,2.3,5.7,15.8
Bighill,KY,79.1,9.2,0.4,5.9,2.7,2.6,22.1
Biglerville,PA,82.6,8.1,0.4,4.0,1.1,3.7,27.2
Billings,MO,82.3,10.8,0.1,0.7,1.5,4.6,26.3
Billings,MT,80.5,10.5,1.0,2.8,1.5,3.7,19.2
Billingsley,AL,81.2,14.2,0.2,1.1,1.4,1.9,32.0
Binford,ND,76.7,6.6,0.0,5.5,0.9,10.3,15.6
Bingen,WA,75.0,9.3,0.0,4.5,1.2,10.0,22.8
Bird City,KS,73.4,10.5,0.0,8.2,0.9,7.0,14.1
Birdsnest,VA,75.6,12.7,1.2,3.7,1.3,5.6,19.7
Birmingham,AL,84.9,9.3,0.9,1.3,1.0,2.5,23.6
Bisbee,ND,65.8,11.3,0.1,13.5,1.5,7.8,14.2
Bishop,CA,58.8,7.85,6.4,11.7,6.1,9.15,16.75
Bismarck,AR,83.6,12.3,0.6,1.0,0.7,1.7,26.2
Bismarck,ND,82.2,10.3,0.2,2.2,1.0,4.1,18.2
Black River,NY,75.9,11.1,0.4,6.8,1.9,4.0,17.8
Black River Falls,WI,81.4,9.0,0.3,2.8,2.8,3.7,20.1
Blacksburg,SC,86.1,10.1,0.1,1.5,1.0,1.2,21.4
Blacksburg,VA,75.5,8.1,5.2,4.3,2.6,4.3,18.4
Blackstone,VA,83.0,11.4,0.2,0.4,2.9,2.0,26.8
Blackwell,TX,82.75,8.3,0.1,3.4,2.0,3.5,19.1
Blanchard,ID,77.2,10.2,0.4,2.6,2.4,7.2,24.1
Blanchardville,WI,76.0,8.6,0.3,5.0,1.4,8.6,24.8
Blanchester,OH,85.4,6.95,0.44999999999999996,2.05,1.0499999999999998,4.15,27.1
Blanco,OK,83.4,11.6,0.4,1.1,0.8,2.7,20.1
Blanco,TX,76.3,14.2,0.0,3.1,1.0,5.5,26.0
Bledsoe,TX,71.9,22.8,0.5,2.3,1.0,1.5,19.5
Bloomery,WV,80.4,15.4,0.4,2.2,0.0,1.6,38.1
Bloomfield,KY,82.0,11.1,1.3,3.1,0.9,1.5,26.1
Bloomingdale,MI,83.3,7.9,0.3,3.5,1.2,3.9,24.8
Bloomington Springs,TN,89.1,6.7,0.1,0.9,0.7,2.5,22.9
Blountsville,AL,84.9,11.2,0.4,0.9,0.4,2.3,34.9
Blue Mound,IL,81.7,11.1,0.8,1.3,0.9,4.2,24.3
Blue Mountain,MS,83.3,10.5,0.3,1.7,0.6,3.6,24.4
Blue Ridge,TX,81.4,10.4,0.1,1.5,1.4,5.2,29.4
Blue River,WI,77.1,8.6,0.3,6.7,1.9,5.4,20.4
Blue Springs,MO,81.9,8.1,2.4,1.8,1.5,4.2,23.0
Blue Springs,NE,80.4,11.0,0.0,2.7,0.6,5.3,19.8
Bluff City,KS,82.5,9.7,0.2,3.3,1.9,2.4,15.3
Bluff Dale,TX,82.7,9.1,0.1,1.4,0.9,5.8,31.8
Bluffton,AR,78.0,13.1,0.4,1.8,2.0,4.7,21.1
Bogart,GA,85.0,8.0,0.2,0.5,0.9,5.4,30.7
Bogata,TX,82.5,10.6,0.0,2.2,1.6,3.2,30.4
Boise,ID,67.8,12.6,0.7,4.8,1.1,12.9,37.9
Bomont,WV,71.2,20.7,0.0,2.1,3.0,3.0,41.4
Bond,CO,64.6,16.8,2.2,5.7,1.3,9.4,19.8
Bonesteel,SD,70.9,11.1,0.0,6.8,1.4,9.8,14.9
Bonita Springs,FL,74.6,11.0,2.6,1.5,3.3,7.0,24.0
Bonners Ferry,ID,76.8,10.5,0.1,3.5,1.3,7.7,21.8
Boone,NC,74.0,10.0,2.5,5.6,1.0,6.9,19.5
Boones Mill,VA,78.7,11.3,0.5,3.1,1.2,5.2,29.8
Boonville,NC,82.4,12.0,0.0,1.0,1.2,3.4,27.4
Boston,GA,80.0,13.6,0.2,1.2,2.4,2.6,20.4
Boston,KY,85.3,9.9,0.0,1.1,0.5,3.2,26.3
Boston,MA,40.8,6.9,32.5,13.6,2.8,3.4,30.2
Boswell,OK,80.9,11.4,0.5,2.1,2.2,2.9,20.9
Boulder,UT,71.5,13.5,0.0,8.5,2.1,4.5,14.1
Bouton,IA,86.7,6.6,0.2,1.5,0.8,4.3,20.9
Boutte,LA,88.4,7.0,0.0,0.7,1.9,2.0,26.2
Bovina,TX,73.5,17.0,1.0,3.3,1.7,3.5,15.9
Bowie,MD,65.3,11.7,17.2,2.2,1.0,2.6,36.5
Bowie,TX,80.94999999999999,11.45,0.0,2.0,0.9,4.65,25.95
Bowlegs,OK,83.6,9.3,0.1,1.9,1.4,3.7,22.8
Bowling Green,KY,81.0,11.5,0.5,3.2,1.3,2.6,19.5
Bowling Green,OH,84.1,6.7,0.3,4.2,1.7,2.9,20.1
Bowman,ND,81.1,8.2,0.0,4.4,1.4,4.8,15.5
Box Elder,MT,80.1,8.3,0.2,6.2,1.1,4.1,11.9
Boyertown,PA,79.1,6.9,5.2,2.7,0.8,5.2,27.9
Bozeman,MT,72.5,9.1,0.6,6.3,4.6,6.8,17.5
Bracey,VA,81.5,10.95,0.95,1.65,1.9500000000000002,3.0,26.8
Brackenridge,PA,72.1,9.0,9.1,4.2,1.5,4.2,26.4
Brackettville,TX,77.6,7.6,0.5,0.2,4.4,9.8,17.9
Bradenton Beach,FL,79.3,9.7,0.9,1.5,2.0,6.7,24.5
Bradford,IL,77.2,11.4,0.3,3.8,0.9,6.4,26.6
Bradford,TN,90.0,5.7,0.1,1.1,0.7,2.4,23.8
Bradgate,IA,74.4,9.6,0.2,5.5,1.2,9.1,16.9
Bradleyville,MO,74.9,15.6,1.0,3.3,0.7,4.5,20.7
Brady,TX,80.5,11.3,0.0,6.1,0.0,2.0,16.2
Braidwood,IL,83.9,6.2,3.9,0.7,1.2,4.0,32.6
Branchville,IN,85.5,11.3,0.2,0.7,0.7,1.6,22.5
Brandon,FL,80.4,8.9,1.4,1.6,2.0,5.5,26.4
Brandy Station,VA,81.8,9.1,1.2,1.8,1.0,5.1,38.7
Brasstown,NC,92.9,3.7,0.0,0.8,0.2,2.4,18.4
Braxton,MS,87.5,8.9,0.1,0.4,0.9,2.3,25.4
Brazil,IN,83.2,8.7,0.5,2.3,1.5,3.8,26.8
Breaux Bridge,LA,82.8,12.8,0.3,1.4,1.4,1.3,27.5
Breckenridge,TX,81.75,11.5,0.3,1.7,1.5,3.3,16.65
Breda,IA,83.6,7.3,0.3,3.3,1.0,4.5,17.9
Breeding,KY,83.0,8.7,2.3,0.4,0.8,4.8,20.8
Bremen,IN,79.7,11.4,0.2,2.9,2.8,3.0,21.8
Bremo Bluff,VA,78.9,14.0,0.1,0.2,0.3,6.4,33.6
Bremond,TX,76.2,13.5,1.7,3.1,2.3,3.2,24.5
Brenham,TX,81.75,11.25,0.2,1.3,1.4,4.15,24.35
Brewerton,NY,79.7,7.9,3.2,4.4,1.3,3.6,20.1
Briceville,TN,87.1,8.0,0.0,1.0,0.9,3.0,22.4
Bridgeport,WV,84.2,8.3,0.6,2.6,1.9,2.4,21.8
Bridgeton,NJ,82.6,10.0,1.8,2.0,2.0,1.6,23.5
Bridgeville,CA,65.3,10.9,1.1,4.9,1.9,15.7,18.0
Bridgewater Corners,VT,76.2,10.5,0.9,4.4,1.0,7.0,22.3
Brierfield,AL,83.2,13.5,0.5,0.6,1.5,0.7,28.8
Brighton,TN,84.8,11.5,0.4,0.7,0.5,2.1,32.4
Brightwood,VA,76.9,13.4,0.6,1.9,1.2,6.1,30.7
Briscoe,TX,77.4,15.7,0.0,2.4,0.7,3.8,17.6
Bristol,CT,80.9,8.5,3.6,2.2,1.2,3.6,22.7
Bristol,VA,84.85,8.850000000000001,0.9,1.5499999999999998,1.6,2.25,23.6
Bristol,WI,85.1,8.0,1.0,1.8,1.5,2.6,26.0
Bristow,IA,80.7,9.4,0.3,3.7,0.9,5.1,23.9
Bristow,OK,78.3,12.0,0.4,2.6,2.7,4.0,27.2
Broadus,MT,59.2,7.7,0.0,9.6,3.0,20.6,15.5
Broadview,MT,72.9,8.4,0.0,4.7,0.0,14.0,32.9
Broadview,NM,83.3,9.9,0.3,2.1,2.9,1.5,14.3
Brocket,ND,81.6,6.2,0.5,4.0,1.8,5.9,12.5
Broken Bow,OK,79.8,14.2,0.5,1.5,1.7,2.3,22.3
Bronston,KY,84.9,9.9,0.3,1.7,1.3,1.9,19.9
Bronx,NY,22.5,4.7,59.7,8.0,1.8,3.3,43.0
Brookesmith,TX,87.3,9.4,0.4,0.7,0.5,1.6,17.4
Brookings,SD,75.3,9.6,0.4,6.6,3.1,5.0,14.1
Brooklyn,CT,82.9,8.7,0.6,3.5,0.8,3.5,26.0
Brooklyn,NY,18.6,4.4,61.7,8.8,2.5,3.9,41.7
Brooks,KY,86.4,9.2,0.4,0.8,0.7,2.6,27.5
Brooksville,FL,83.3,9.2,0.1,1.0,1.3,5.0,29.1
Brookville,PA,82.1,9.7,0.4,4.1,0.9,2.8,22.9
Broomfield,CO,78.7,8.0,3.2,1.5,1.6,7.0,27.0
Browns Valley,MN,75.8,8.3,0.1,4.3,1.2,10.2,16.0
Brownsville,TX,83.1,10.5,0.7,1.6,1.8,2.2,19.9
Brownton,MN,82.7,8.9,0.3,2.9,1.5,3.7,22.8
Brunswick,NC,87.9,8.7,0.2,0.8,0.5,1.9,24.1
Brunswick,OH,87.2,5.8,0.6,1.4,0.9,4.2,27.4
Brusly,LA,88.8,7.7,0.3,0.7,1.2,1.3,24.0
Brutus,MI,79.8,11.0,0.8,1.8,1.2,5.4,26.1
Bryan,TX,76.3,12.0,2.7,3.6,2.6,2.9,17.7
Buchanan,GA,87.7,7.2,0.1,1.6,0.8,2.5,31.8
Buchanan,MI,82.6,8.1,0.5,2.7,1.5,4.7,19.6
Buchanan,NY,58.5,7.9,21.8,5.2,1.6,5.0,32.9
Buckatunna,MS,81.2,8.5,0.8,1.6,2.7,5.1,28.2
Buckhannon,WV,81.0,9.5,0.2,3.6,1.7,4.0,25.6
Buckholts,TX,75.8,15.8,0.2,1.1,2.6,4.6,26.4
Buena Vista,CO,69.5,8.6,0.2,4.2,6.0,11.6,15.1
Buena Vista,VA,84.3,4.8,0.0,7.0,2.5,1.4,15.6
Buffalo,MO,70.9,18.2,0.1,2.0,3.3,5.5,32.6
Buffalo,SD,50.9,12.0,0.0,6.5,1.2,29.4,18.6
Buffalo,WY,68.3,18.4,0.5,2.4,3.1,7.3,31.1
Buford,GA,79.5,13.3,0.3,0.9,2.1,3.9,26.0
Buhl,ID,75.6,10.3,0.1,6.5,1.8,5.7,18.7
Bullhead City,AZ,78.1,14.2,0.5,1.9,2.5,2.8,19.3
Bullock,NC,85.2,10.4,0.1,2.1,0.3,1.8,22.4
Buna,TX,78.8,14.7,0.2,1.1,2.2,3.0,29.7
Buncombe,IL,81.9,9.4,0.7,1.8,1.0,5.2,24.2
Burbank,SD,68.6,8.5,0.4,12.5,4.0,5.9,15.0
Burgaw,NC,78.5,14.4,0.1,1.1,1.6,4.3,28.1
Burley,ID,82.9,12.4,0.1,1.5,0.9,2.3,16.5
Burlington,VT,73.2,8.4,2.4,7.4,2.6,5.9,20.6
Burlington,WV,82.1,14.2,0.2,1.4,0.8,1.3,26.2
Burlington,WY,71.1,13.6,0.0,7.0,2.6,5.7,16.9
Burlington Junction,MO,76.6,10.6,0.2,7.5,1.3,3.9,15.9
Burns,TN,81.3,12.0,0.7,2.8,1.0,2.2,31.3
Burnsville,MS,87.2,8.6,0.4,1.3,1.1,1.4,22.1
Burton,WV,85.4,8.7,0.0,3.1,0.6,2.2,29.0
Burwell,NE,65.94999999999999,8.1,0.55,6.6000000000000005,0.85,18.0,18.1
Bushnell,NE,74.9,10.8,0.3,8.8,0.5,4.7,14.3
Bussey,IA,79.2,8.5,0.4,4.3,1.8,5.8,20.2
Butte,MT,80.4,9.9,0.4,2.8,3.1,3.5,15.2
Butte,NE,65.7,8.3,0.0,8.5,1.1,16.3,16.6
Butternut,WI,78.9,11.9,0.2,3.2,1.1,4.7,22.0
Byhalia,MS,87.9,8.1,0.1,0.4,0.7,2.7,24.6
Byrdstown,TN,85.9,10.4,0.0,1.0,0.0,2.7,25.2
Byron,GA,83.0,11.399999999999999,0.9500000000000001,1.75,1.15,1.75,21.5
Cabins,WV,82.9,10.2,0.3,2.6,0.3,3.8,27.2
Cadiz,KY,82.8,10.0,0.0,3.9,0.7,2.6,26.5
Caguas,PR,80.2,11.9,1.2,2.8,2.1,1.9,32.8
Cairo,IL,81.9,11.0,2.1,2.5,1.7,0.8,25.3
Cairo,NE,80.9,12.8,1.1,1.2,1.3,2.7,15.9
Caldwell,OH,87.4,6.9,0.4,1.5,0.4,3.4,23.2
Caledonia,NY,81.4,6.9,0.5,6.4,1.5,3.3,25.2
Calhoun,KY,87.1,7.6,0.3,2.4,0.8,1.8,18.7
Calhoun,MO,82.8,10.6,0.0,1.0,1.5,4.0,21.7
Calhoun City,MS,83.0,12.0,0.6,1.1,1.4,1.8,24.1
Caliente,NV,73.1,12.0,0.0,8.3,0.0,6.6,20.1
Call,TX,84.3,10.6,0.0,0.1,3.4,1.5,36.1
Calumet,MI,72.1,11.3,0.9,10.2,1.6,3.9,14.9
Calvin,WV,90.0,5.0,0.4,0.7,1.9,2.0,26.9
Camarillo,CA,77.1,12.6,1.3,1.9,1.7,5.5,25.8
Cambria,WI,78.7,8.8,0.4,4.5,2.1,5.5,23.0
Cambridge,KS,79.3,12.1,0.0,2.4,1.9,4.3,18.6
Cambridge,NE,78.4,8.6,0.0,5.7,2.4,4.9,17.8
Cambridge,NY,79.2,10.5,0.9,3.1,1.0,5.3,25.5
Camden,AR,84.2,10.3,1.0,2.7,0.9,0.9,23.1
Camden,IL,79.2,12.0,1.0,2.3,0.6,5.0,23.7
Camden,MO,82.9,11.1,0.4,1.6,0.8,3.2,31.2
Cameron,MO,80.0,12.6,0.7,1.6,1.3,3.7,25.8
Camilla,GA,73.6,19.1,0.3,3.0,1.2,2.9,22.1
Camp Douglas,WI,79.9,11.3,0.7,2.8,1.3,3.9,23.4
Camp Hill,PA,82.4,8.3,0.7,3.9,1.0,3.8,21.6
Campbellsburg,IN,82.3,11.5,0.1,0.8,0.7,4.4,31.5
Campbelltown,PA,80.1,10.1,0.6,4.1,1.2,3.9,23.2
Campton,KY,87.9,7.6,0.0,1.2,2.5,0.8,27.8
Campton,NH,73.9,8.7,1.5,8.5,2.5,4.9,21.5
Camuy,PR,90.1,5.3,0.1,3.0,0.6,0.9,29.3
Canandaigua,NY,82.5,7.9,0.9,3.9,1.1,3.7,23.0
Candor,NC,82.45,12.35,0.25,1.9000000000000001,0.95,2.15,22.3
Cannelburg,IN,74.3,16.4,0.4,3.0,2.6,3.4,23.1
Cannon Beach,OR,71.8,11.1,1.0,7.1,3.1,6.0,19.0
Canovanas,PR,85.9,7.3,2.7,1.8,0.9,1.5,36.5
Canton,MO,70.3,13.3,0.5,5.8,1.2,8.9,23.9
Canton,OH,85.1,8.6,1.2,1.6,0.6,2.8,21.6
Canton,OK,86.3,5.5,0.1,1.6,1.1,5.4,16.6
Cantwell,AK,43.9,8.4,0.9,17.8,2.4,26.7,17.9
Cape Coral,FL,79.0,10.5,1.1,1.0,2.9,5.6,27.4
Carey,ID,73.4,8.4,2.4,4.2,2.3,9.4,17.7
Carlyle,IL,82.5,10.1,0.6,1.8,1.3,3.7,25.5
Carmel,NY,76.3,8.8,8.3,1.2,0.8,4.5,38.8
Carolina,PR,79.3,12.2,3.7,2.2,0.9,1.8,32.7
Carpenter,IA,80.9,9.2,0.6,3.0,1.0,5.4,19.3
Carpenter,SD,73.8,7.4,0.0,5.7,1.3,11.8,15.7
Carrabelle,FL,76.8,10.2,0.7,3.7,3.2,5.4,20.3
Carrington,ND,82.0,6.4,0.0,5.6,1.0,5.0,13.7
Carrollton,VA,87.5,8.8,0.2,0.5,0.2,2.8,28.5
Carson,MS,83.2,12.8,0.6,0.3,2.3,0.8,34.1
Carson,ND,58.4,7.9,0.0,6.9,1.9,25.0,22.0
Carson City,NV,80.3,11.8,0.3,3.1,2.1,2.4,17.4
Cartersville,GA,83.4,9.3,0.7,0.6,1.9,4.0,27.3
Cartersville,VA,78.1,16.5,0.2,0.0,1.2,4.0,38.4
Carthage,AR,78.0,13.7,0.0,4.3,1.9,2.0,23.5
Carthage,MS,78.7,15.2,0.2,1.4,3.3,1.1,29.9
Carthage,NC,86.2,5.9,0.1,2.3,1.4,4.1,24.1
Carthage,NY,79.9,8.7,0.2,5.9,1.2,4.2,24.5
Cartwright,ND,78.3,9.1,0.9,4.9,1.3,5.5,18.8
Cascade Locks,OR,69.5,10.1,0.1,7.3,3.7,9.3,16.2
Casco,WI,80.9,8.1,0.7,4.5,0.8,5.0,21.8
Cassatt,SC,85.0,9.1,0.3,1.0,1.3,3.3,28.5
Castalia,NC,82.7,9.4,0.1,1.7,1.2,4.9,30.2
Castell,TX,73.3,15.7,0.0,3.9,1.7,5.3,20.3
Castleford,ID,80.9,10.0,0.4,2.7,2.3,3.7,17.1
Cataldo,ID,80.8,8.8,0.4,2.2,1.9,6.0,20.9
Cataula,GA,89.0,5.8,0.2,0.8,1.3,2.8,26.4
Catoosa,OK,85.0,9.8,0.1,0.7,1.0,3.3,25.7
Cave City,AR,81.0,13.6,0.1,2.0,1.5,1.7,20.2
Cayce,SC,84.6,7.6,0.2,0.7,3.0,4.0,25.4
Cayey,PR,78.8,4.3,0.7,4.5,8.4,3.3,29.8
Cayuga,IN,82.4,11.8,0.8,2.1,0.5,2.4,25.3
Cecil,GA,83.4,9.6,0.0,1.4,1.3,4.3,26.3
Cedar Bluff,VA,87.4,8.0,0.0,1.7,0.4,2.4,27.8
Cedar Falls,NC,86.1,9.4,0.1,1.4,0.8,2.1,23.3
Cedar Valley,UT,72.9,12.8,1.8,4.0,2.5,6.1,21.4
Ceiba,PR,87.8,7.2,0.3,1.9,0.8,2.0,27.6
Centenary,SC,81.1,15.0,0.3,0.8,0.6,2.2,29.9
Center,NE,76.1,9.1,0.1,6.7,0.5,7.5,16.5
Center,TX,76.7,15.5,0.7,1.9,1.2,4.1,24.8
Center Harbor,NH,84.2,8.5,0.0,1.4,1.7,4.2,26.6
Centerview,MO,81.1,8.9,0.2,4.6,1.3,4.0,21.5
Centerville,KS,83.2,9.8,0.2,1.0,0.6,5.3,33.2
Centerville,PA,76.7,11.8,0.3,5.3,1.4,4.5,21.7
Centerville,TN,81.2,11.5,0.4,1.6,1.9,3.5,37.1
Central,SC,86.1,7.1,1.1,2.5,1.0,2.2,23.9
Central Bridge,NY,79.4,8.7,1.5,5.5,0.8,4.2,29.7
Central City,CO,75.6,12.0,1.4,3.1,1.0,6.7,32.8
Centralia,IL,83.6,10.0,0.5,1.9,1.5,2.6,20.8
Centreville,VA,71.7,9.4,9.8,1.8,1.5,5.8,32.0
Ceres,CA,80.2,11.4,1.0,1.8,1.6,4.1,27.0
Ceresco,NE,81.8,8.6,0.2,2.9,1.0,5.5,26.0
Chadwick,IL,82.0,8.6,0.8,2.7,0.6,5.3,23.9
Challis,ID,68.3,6.8,2.5,9.1,4.7,8.6,18.7
Chamberlain,SD,74.0,9.0,1.9,4.6,2.2,8.3,13.9
Chambers,NE,74.6,1.3,0.0,6.9,0.6,16.6,17.5
Chapel Hill,NC,67.4,8.5,7.4,6.0,3.3,7.6,22.3
Chapin,SC,78.9,6.9,1.1,7.6,2.3,3.2,20.7
Chapmansboro,TN,84.9,9.9,0.2,0.4,0.6,3.9,31.6
Chapmanville,WV,85.2,9.2,0.0,3.7,0.5,1.4,24.9
Chappell,NE,72.2,12.3,0.3,3.8,5.3,6.1,23.8
Charleston,SC,78.2,8.5,2.0,3.2,2.5,5.7,22.9
Charleston,TN,83.6,8.5,0.2,2.5,1.3,4.0,22.0
Charleston,WV,79.9,11.7,2.0,2.9,0.7,2.8,21.3
Charlo,MT,70.7,11.3,0.8,5.0,1.3,11.0,19.7
Charlottesville,VA,60.1,7.4,8.6,12.6,5.3,6.1,18.2
Chase,LA,83.4,9.1,0.2,2.1,2.7,2.6,20.9
Chateaugay,NY,77.1,10.3,0.7,4.3,1.9,5.8,20.7
Chatfield,MN,76.6,8.3,1.9,6.6,2.0,4.6,17.5
Cherokee,AL,85.5,9.6,0.2,0.55,2.7,1.45,25.9
Cherokee,NC,86.1,9.8,0.2,1.4,0.9,1.6,19.6
Cherokee,TX,71.9,18.5,0.0,2.3,1.8,5.5,18.6
Cherryvale,KS,78.2,9.5,0.0,7.1,1.3,3.9,16.3
Chesapeake,VA,86.5,7.0,0.7,1.4,1.2,3.2,25.0
Chester,IA,76.6,7.7,0.2,4.9,2.2,8.3,17.8
Chester,PA,73.7,7.1,10.4,3.8,1.0,4.0,28.3
Chester,TX,75.7,14.7,0.5,2.6,3.1,3.4,27.2
Chester Gap,VA,75.0,16.9,0.2,2.3,1.3,4.3,42.7
Chesterland,OH,80.9,8.8,0.3,1.9,1.9,6.2,28.4
Cheyenne,WY,82.1,9.9,0.6,2.4,2.0,3.0,15.5
Cheyenne Wells,CO,73.1,8.2,0.0,6.1,2.0,10.5,12.4
Chicopee,MA,82.5,8.2,2.2,2.6,1.1,3.4,22.7
Chicora,PA,81.3,10.2,0.7,3.2,1.1,3.4,28.8
Chiefland,FL,76.3,14.8,0.3,1.6,1.3,5.8,30.1
Chili,WI,73.2,8.3,0.1,5.0,2.8,10.7,20.9
Chillicothe,MO,79.7,8.8,0.5,3.1,1.6,6.3,18.1
Chillicothe,TX,74.0,17.3,1.1,1.8,4.9,0.9,17.6
Chilton,WI,86.4,6.9,0.2,1.3,1.0,4.2,20.1
Christiana,TN,85.1,9.6,0.4,0.9,1.0,3.0,28.0
Christmas Valley,OR,70.4,11.6,0.0,7.2,1.8,8.9,16.5
Church Hill,TN,88.4,7.4,0.5,0.4,1.1,2.2,25.0
Ciales,PR,74.6,18.9,1.2,4.0,0.5,0.7,32.0
Cibolo,TX,84.4,9.9,0.2,0.7,1.1,3.7,25.3
Cidra,PR,83.2,5.3,0.9,2.1,5.2,3.2,31.9
Cincinnati,OH,79.7,8.5,3.7,2.9,1.0,4.1,23.0
Cincinnatus,NY,74.8,11.9,0.8,6.8,0.9,4.8,20.9
Cisco,TX,83.9,10.1,0.1,1.7,1.0,3.1,19.1
Claremont,IL,82.2,12.2,0.1,2.2,0.7,2.6,17.4
Claremont,SD,69.1,16.9,0.0,7.6,0.6,5.7,15.5
Clarence,MO,78.7,9.2,0.4,3.4,0.6,7.8,20.9
Clarence,PA,68.3,9.8,4.5,9.9,3.0,4.6,20.3
Clarendon,TX,68.7,16.5,0.0,5.3,1.3,8.2,22.6
Clark,SD,63.6,9.9,0.0,9.4,1.2,15.8,17.6
Clarks Mills,PA,81.8,8.5,0.3,3.5,1.0,4.8,20.5
Clarksdale,MO,87.4,6.9,0.1,1.2,0.5,3.9,22.7
Clarkson,NE,79.9,9.7,0.0,3.4,0.8,6.3,18.6
Clarkston,WA,78.9,10.3,0.9,2.7,2.0,5.2,15.9
Clay City,IL,85.7,9.2,0.8,1.1,1.0,2.3,20.5
Clayton,GA,76.15,12.05,0.65,4.800000000000001,1.4,4.9,19.5
Clayton,IN,88.7,6.5,0.1,0.7,0.5,3.6,25.7
Clayton,NM,64.0,3.9,0.0,8.9,1.0,22.2,20.3
Clayton,OK,78.4,16.3,0.2,2.0,0.4,2.8,26.7
Cle Elum,WA,72.3,8.7,0.8,9.2,3.8,5.4,21.3
Clearbrook,MN,76.7,12.5,0.6,3.2,1.1,5.8,25.3
Cleveland,GA,81.9,8.1,0.0,3.6,1.6,4.7,28.6
Cleveland,NY,81.8,8.7,1.1,3.8,1.0,3.7,19.9
Cleveland,OH,80.2,7.4,4.9,2.6,1.2,3.5,24.2
Cleveland,TX,85.9,10.8,0.2,1.6,1.0,0.6,34.2
Clifford,VA,82.4,9.9,1.3,2.0,1.7,2.7,24.2
Clifton,KS,78.8,10.1,0.1,2.6,1.8,6.5,18.6
Clifton,TX,78.3,12.8,0.2,3.1,0.8,4.8,29.4
Clifton Forge,VA,85.9,9.3,1.0,0.9,1.3,1.6,24.3
Clinton,KY,81.9,8.1,0.0,1.0,1.4,7.6,19.3
Clio,AL,83.8,10.9,0.4,1.8,1.5,1.6,24.1
Cloquet,MN,82.9,8.3,0.3,2.9,0.9,4.7,20.8
Clover,SC,83.5,9.2,0.7,1.0,1.0,4.7,26.2
Cloverdale,OR,76.4,10.7,0.7,4.8,2.4,5.0,19.6
Cluster Springs,VA,83.1,8.2,0.4,1.2,4.1,2.9,24.4
Coahoma,TX,79.8,15.8,0.2,1.6,0.9,1.7,18.0
Coal City,IL,87.3,7.0,0.8,0.8,0.9,3.2,28.0
Coalgate,OK,83.1,8.8,0.4,2.1,0.4,5.3,24.4
Coamo,PR,89.2,2.6,0.2,5.6,1.4,1.0,24.8
Coats,KS,83.4,10.7,0.0,2.1,1.2,2.5,13.2
Coatsville,MO,77.8,13.4,0.0,1.3,1.5,6.0,26.9
Coeburn,VA,86.0,9.4,0.1,2.3,0.5,1.8,30.3
Coffeeville,MS,84.1,11.0,1.5,0.7,1.9,0.8,19.8
Colby,KS,79.5,9.8,0.1,3.9,1.1,5.6,10.1
Cold Brook,NY,81.2,7.7,0.8,4.6,1.1,4.6,23.4
Coldwater,MS,86.2,8.1,0.0,1.4,1.1,3.1,30.1
Colebrook,NH,79.4,10.0,0.1,3.5,1.0,5.8,20.7
Coleman,MI,84.35,7.8500000000000005,0.6,2.45,1.5,3.3,25.15
Collierville,TN,86.8,8.1,0.0,0.6,0.9,3.6,32.9
Collins,GA,78.8,12.7,0.2,2.8,3.0,2.6,26.3
Collinston,LA,87.4,9.5,0.1,0.8,1.3,0.8,24.9
Collison,IL,84.1,8.6,0.7,2.8,0.9,2.9,20.8
Colonial Heights,VA,86.6,7.2,0.1,1.5,2.1,2.6,20.6
Colorado City,TX,80.7,14.4,0.4,0.7,0.3,3.5,22.2
Colt,AR,78.8,12.8,0.1,3.4,2.5,2.4,20.3
Columbia,CA,78.0,10.0,0.3,2.3,1.5,8.0,26.2
Columbia,TN,84.0,9.7,0.4,1.3,1.1,3.5,29.9
Columbia City,IN,85.5,9.0,0.3,1.0,1.0,3.2,23.4
Columbia Falls,MT,80.9,7.5,0.6,3.2,1.7,6.1,19.2
Columbiaville,MI,85.6,8.8,0.7,1.0,0.4,3.5,33.5
Columbus,GA,78.3,10.4,1.2,1.1,1.7,7.3,19.6
Columbus,IN,84.8,9.1,0.6,1.6,1.7,2.2,19.1
Columbus,NE,78.3,11.5,0.0,3.5999999999999996,0.75,5.9,17.75
Columbus Grove,OH,86.0,8.4,0.7,1.3,0.8,2.7,22.6
Comanche,OK,81.8,11.3,0.6,1.9,2.4,2.0,20.3
Comer,GA,83.9,8.1,0.2,1.4,1.7,4.6,28.8
Comerio,PR,85.2,6.5,1.0,3.4,3.3,0.6,37.2
Comfort,TX,76.3,12.4,0.3,2.1,1.2,7.6,29.5
Comfrey,MN,72.5,10.5,1.2,6.6,1.8,7.4,17.3
Comins,MI,77.3,8.4,0.1,2.9,4.4,6.9,19.5
Commerce,GA,82.8,8.2,0.0,3.0,1.1,4.8,26.6
Commerce,OK,87.1,8.1,0.2,1.8,1.2,1.6,20.0
Commiskey,IN,84.4,9.5,0.6,1.4,1.5,2.7,26.7
Concord,NE,79.0,10.8,0.1,4.6,0.3,5.2,20.4
Concord,TX,80.9,9.7,0.1,2.9,1.1,5.3,26.7
Concrete,WA,78.1,10.8,1.1,2.5,2.0,5.6,24.7
Conehatta,MS,83.9,10.3,0.0,1.4,1.8,2.6,26.4
Conley,GA,78.3,13.5,2.3,1.4,2.2,2.3,30.0
Connellsville,PA,84.5,9.0,0.5,2.1,1.2,2.6,26.2
Conover,WI,80.6,7.2,0.1,4.4,1.2,6.5,19.1
Conrad,MT,69.5,12.6,0.0,7.7,1.5,8.7,16.2
Conroe,TX,80.7,10.8,1.3,1.0,1.3,4.9,32.7
Converse,IN,85.0,8.5,0.6,1.4,1.8,2.7,20.2
Conway,NC,84.5,8.2,0.2,3.1,1.6,2.3,23.8
Conway,SC,83.5,9.5,0.2,1.5,1.9,3.4,21.7
Conway Springs,KS,81.7,8.6,0.2,3.6,1.0,4.9,23.3
Cook Station,MO,79.7,14.0,0.1,1.3,1.0,3.8,27.5
Coon Valley,WI,77.4,8.7,0.6,4.0,2.1,7.1,24.2
Cooper,IA,79.5,6.8,0.0,3.7,2.2,7.8,18.7
Coquille,OR,74.4,11.9,0.9,4.7,1.7,6.3,19.6
Cora,WY,75.3,9.5,0.9,7.9,1.3,5.2,22.7
Corinth,KY,81.7,13.9,0.2,0.9,1.0,2.4,30.0
Corinth,ME,79.8,9.8,0.6,3.9,1.8,4.1,22.3
Cornersville,TN,86.9,9.0,0.2,0.8,1.6,1.5,30.1
Corning,CA,76.5,12.3,0.4,3.8,1.9,5.0,24.6
Cornish,NH,77.5,12.2,0.4,3.0,1.8,5.2,25.4
Corsica,SD,70.8,11.1,0.0,6.7,2.2,9.3,17.7
Cortez,CO,75.9,9.2,0.0,3.9,1.3,9.7,22.3
Corunna,IN,86.5,7.9,0.2,1.2,1.9,2.3,21.1
Corunna,MI,82.2,9.7,0.4,2.6,1.1,4.0,28.1
Corwith,IA,79.7,8.4,0.5,2.8,1.8,6.8,20.0
Cosby,TN,81.85,12.9,0.35,1.25,0.65,3.0,26.95
Coshocton,OH,80.9,8.6,0.4,2.7,2.2,5.2,22.9
Cost,TX,73.7,17.4,1.6,2.5,0.9,3.9,21.5
Cotopaxi,CO,77.9,11.3,0.4,3.2,3.3,4.0,23.1
Cotter,AR,84.6,8.9,0.4,1.3,0.8,4.0,17.1
Cotton Center,TX,82.3,11.0,0.4,1.3,1.4,3.6,15.5
Cottonwood Falls,KS,79.8,9.1,1.4,2.3,1.1,6.3,22.1
Cotulla,TX,80.7,10.4,0.0,3.9,2.7,2.4,20.8
Couch,MO,81.0,10.3,0.6,2.3,1.3,4.5,23.1
Coulee City,WA,81.7,7.8,0.5,2.5,4.2,3.3,19.3
Council,ID,68.7,11.0,0.8,4.1,3.5,12.0,23.0
Coupeville,WA,75.2,9.0,2.8,3.5,2.4,7.2,28.6
Courtland,MS,85.1,8.4,0.7,0.8,0.9,4.2,24.0
Cove City,NC,80.6,11.7,0.3,1.9,2.5,3.0,20.8
Covington,GA,76.4,15.5,1.8,1.3,1.4,3.6,31.8
Covington,LA,81.6,11.4,0.2,1.2,2.2,3.3,31.5
Covington,MI,85.0,8.2,0.3,2.2,0.7,3.6,18.0
Covington,PA,77.8,11.0,0.5,5.2,1.2,4.2,23.9
Covington,VA,85.6,11.45,0.2,0.75,1.1,0.95,29.1
Coxsackie,NY,81.4,8.5,0.9,2.5,2.2,4.5,27.3
Coy,AL,85.7,7.8,0.1,1.3,0.9,4.2,22.6
Crab Orchard,NE,78.3,10.7,0.4,3.1,1.0,6.4,22.8
Crab Orchard,TN,84.8,10.1,0.1,1.2,0.7,3.1,22.0
Craigsville,VA,81.9,12.5,1.1,2.3,0.3,1.9,28.5
Craigville,IN,75.7,16.8,0.0,2.0,1.6,3.8,22.3
Crane,IN,83.9,9.1,0.3,2.3,1.5,2.8,26.3
Crane,TX,77.0,18.9,0.6,2.0,1.4,0.0,23.0
Crawford,OK,77.1,8.5,0.1,3.7,0.6,9.9,24.2
Crawfordsville,IA,80.0,11.4,0.1,1.5,1.7,5.3,22.5
Crawfordville,GA,81.35,12.2,0.85,2.05,1.8,1.9,26.5
Crayne,KY,80.3,12.2,0.3,1.5,1.2,4.6,27.2
Crenshaw,MS,81.2,13.0,0.2,2.9,0.1,2.5,23.7
Creole,LA,83.8,10.6,0.1,1.3,2.4,1.9,34.6
Cresco,PA,78.2,9.5,4.3,2.2,0.7,5.1,38.7
Crestline,OH,83.6,10.1,0.3,2.6,1.2,2.1,21.6
Creston,IA,81.2,8.9,0.5,2.9,0.7,5.8,16.2
Creston,WV,82.9,10.1,0.0,1.3,1.1,4.6,31.5
Creswell,NC,75.8,12.4,0.0,10.0,0.0,1.8,24.4
Cromwell,KY,79.8,16.0,0.4,1.9,0.6,1.3,25.6
Crook,CO,76.4,13.9,0.3,4.1,0.7,4.7,16.9
Cropwell,AL,86.1,8.6,0.2,0.5,1.1,3.5,30.1
Crossville,AL,86.1,10.4,0.0,0.6,0.9,2.1,22.8
Crowell,TX,83.05,12.05,0.0,2.05,1.15,1.7000000000000002,17.5
Crowley,TX,84.7,8.8,0.2,1.2,1.1,3.9,30.0
Crown Point,IN,84.4,7.9,2.8,1.3,1.3,2.3,27.9
Crystal Spring,PA,77.9,14.6,0.2,2.8,0.5,4.0,32.1
Crystal Springs,MS,82.7,12.8,0.4,1.3,1.4,1.5,29.2
Cub Run,KY,74.2,16.3,0.3,2.2,2.2,4.8,28.2
Cuba,IL,82.7,11.1,0.3,2.8,0.9,2.3,26.2
Culbertson,MT,73.8,15.5,1.4,3.7,1.0,4.7,13.9
Culbertson,NE,76.5,11.6,0.2,5.5,0.0,6.2,18.9
Culebra,PR,53.9,12.7,0.0,24.7,1.7,7.1,9.6
Cullman,AL,84.9,10.0,0.1,1.5,1.0,2.6,26.4
Cumberland,KY,79.6,15.9,0.8,1.7,0.6,1.4,21.7
Cumberland Center,ME,77.2,8.8,1.4,5.0,1.7,6.0,22.5
Cumberland Gap,TN,84.9,9.0,0.1,0.8,1.1,4.0,24.3
Currie,MN,75.7,9.2,0.6,4.8,1.2,8.4,19.8
Cushing,IA,77.8,8.5,0.3,4.4,1.8,7.2,15.7
Cushing,OK,82.5,11.7,0.1,1.8,0.9,3.0,28.9
Cushing,WI,80.2,9.7,0.3,2.9,1.0,5.9,29.6
Cusseta,AL,85.1,11.9,0.2,0.3,0.4,2.1,25.1
Cusseta,GA,49.3,5.8,0.3,11.2,1.6,31.7,14.6
Cut Bank,MT,69.0,9.7,0.3,10.4,0.4,10.1,13.7
Cutler,IL,85.9,8.9,0.7,1.5,0.5,2.5,25.9
Cuyahoga Falls,OH,86.7,6.6,1.9,1.4,0.5,2.9,22.9
Cynthiana,IN,88.8,6.6,0.0,0.8,0.8,3.0,22.8
Cypress,FL,88.6,6.5,0.1,1.4,1.5,1.9,22.5
Cypress,IL,84.2,7.9,0.2,1.9,0.7,5.1,25.8
Daggett,MI,80.6,11.4,0.1,2.1,1.2,4.4,21.1
Dahlonega,GA,78.6,12.7,0.1,0.3,0.6,7.7,32.3
Dailey,WV,80.3,13.2,0.0,3.2,0.8,2.4,21.0
Daisy,GA,73.1,11.6,0.3,2.0,7.6,5.3,21.6
Dakota City,IA,83.9,8.4,0.1,2.0,1.7,4.0,17.8
Daleville,AL,86.35,8.1,0.1,1.3,1.5,2.7,20.65
Daleville,MS,83.1,11.0,0.4,2.3,1.7,1.5,20.8
Dalhart,TX,82.15,9.05,0.25,2.35,2.45,3.75,12.75
Dalton,MA,77.6,8.6,1.3,5.5,1.6,5.3,20.4
Damon,TX,86.7,8.5,0.2,0.8,1.2,2.6,29.1
Dana,IL,83.9,8.7,0.3,2.4,1.5,3.2,22.4
Danville,GA,80.7,12.6,0.4,2.5,0.7,3.2,25.5
Danville,PA,82.5,8.5,0.5,4.9,0.7,3.0,22.1
Danville,VA,82.1,10.4,2.2,2.0,1.2,2.1,19.4
Darlington,IN,82.7,9.7,0.3,4.0,0.9,2.4,21.8
Datto,AR,82.8,10.9,0.0,2.9,1.5,2.0,21.0
Davidson,NC,84.2,8.8,0.4,1.0,1.4,4.3,24.7
Davis,WV,80.8,12.0,0.2,2.8,0.3,3.9,27.7
Dawson Springs,KY,85.25,6.7,0.2,2.05,4.55,1.25,21.75
Dawsonville,GA,79.45,11.25,0.35,0.6499999999999999,1.5,6.8500000000000005,29.45
Dayton,OH,83.35,7.75,1.3499999999999999,2.8499999999999996,1.05,3.7,21.049999999999997
Dayton,TN,78.9,14.6,0.0,2.7,1.0,2.9,22.5
De Borgia,MT,77.0,13.8,0.0,4.2,1.4,3.6,23.1
De Mossville,KY,85.8,11.0,0.9,0.3,0.1,2.0,35.9
De Queen,AR,70.6,24.4,0.2,1.1,0.2,3.4,24.1
De Smet,SD,73.1,9.7,0.2,5.4,0.6,10.9,20.0
De Soto,WI,82.0,7.6,0.4,3.4,1.4,5.1,22.7
Dearborn,MO,82.8,11.2,1.1,1.6,1.3,2.0,17.4
Deary,ID,65.8,12.2,0.6,13.5,2.5,5.3,18.3
Decatur,AL,87.8,9.1,0.3,0.6,0.6,1.6,24.1
Decatur,TN,85.7,11.0,0.3,0.4,0.7,1.8,30.1
Decorah,IA,70.95,9.05,0.1,11.399999999999999,1.7,6.75,20.15
Dedham,MA,70.0,7.2,13.5,3.5,1.3,4.5,32.7
Deer Island,OR,78.5,12.1,0.8,2.5,0.8,5.4,32.6
Deer Lodge,TN,82.7,13.0,0.0,0.4,1.9,2.0,30.8
Deer Park,AL,80.4,16.0,0.0,1.3,1.0,1.3,32.6
Deer Trail,CO,76.2,10.4,0.2,0.8,0.7,11.7,40.1
Deerfield,WI,72.9,8.0,5.4,5.6,3.5,4.6,21.0
Defuniak Springs,FL,80.7,10.1,0.0,0.8,3.2,5.2,27.2
Delcambre,LA,81.7,12.0,0.1,1.9,1.8,2.5,28.5
Delta,CO,76.8,13.3,0.2,2.7,1.8,5.2,19.2
Delta,OH,87.6,6.5,0.1,1.5,1.4,2.9,23.4
Deltona,FL,81.2,8.7,0.9,1.3,2.9,5.0,25.3
Deming,NM,76.9,14.8,1.4,1.4,0.7,4.9,19.2
Denhoff,ND,64.2,6.9,0.0,7.8,0.0,21.1,22.8
Denmark,SC,80.7,11.1,1.3,4.0,1.1,1.8,22.0
Dennis,MA,82.3,6.7,1.5,2.4,1.3,5.9,23.7
Denver,CO,70.3,8.5,6.8,4.5,3.4,6.5,24.8
Denver,MO,74.6,15.4,0.5,2.9,0.5,6.1,26.3
Denver City,TX,77.95,17.7,0.0,2.4,0.25,1.7,15.8
Depew,OK,84.4,9.7,0.2,1.0,0.5,4.2,24.7
Derry,NH,84.1,6.2,0.9,1.7,1.0,6.2,30.0
Detroit,MI,81.0,9.7,3.2,1.8,1.5,2.8,25.1
Devol,OK,83.4,9.2,0.1,1.8,0.9,4.6,23.3
Dewy Rose,GA,86.2,8.45,0.2,1.15,0.35,3.65,22.049999999999997
Dexter,IA,76.6,11.5,0.1,4.0,1.3,6.5,26.7
Dexter,KY,82.0,7.3,0.3,6.0,1.7,2.7,17.5
Dexter,MO,84.4,9.9,0.5,1.2,1.4,2.6,22.0
Diaz,AR,86.7,8.2,0.1,1.8,0.4,2.7,19.7
Dickinson,AL,82.0,12.8,0.2,1.3,2.6,1.1,23.0
Dickinson,ND,82.2,9.6,0.2,2.5,1.0,4.5,17.4
Dilley,TX,84.1,10.9,0.2,2.7,1.6,0.6,17.9
Dillon,CO,66.6,9.2,5.5,7.7,2.9,8.0,16.9
Dingmans Ferry,PA,79.7,9.2,2.9,3.4,0.7,4.2,44.0
Dinwiddie,VA,87.1,7.0,0.3,1.1,1.1,3.5,28.9
Disputanta,VA,85.6,9.5,0.7,1.0,1.2,2.0,30.3
Divide,CO,75.2,12.3,0.4,2.7,1.6,7.8,31.6
Dixfield,ME,80.8,9.7,0.2,2.6,0.8,5.8,27.9
Dixon Springs,TN,85.2,12.2,0.1,0.8,0.0,1.8,29.1
Dodge,NE,82.35,7.45,0.1,4.1,1.05,4.949999999999999,16.55
Dodson,LA,80.2,17.2,0.2,0.9,0.4,1.1,26.8
Dodson,MT,66.1,12.2,1.4,8.8,1.5,10.1,15.8
Dolliver,IA,79.6,8.8,0.4,5.0,0.9,5.2,16.1
Donaldsonville,LA,86.4,8.2,0.1,1.1,0.8,3.3,30.4
Donnelly,ID,73.1,7.2,1.0,10.5,0.8,7.4,16.4
Doon,IA,79.8,7.9,0.0,5.4,0.3,6.6,17.0
Dorado,PR,78.2,9.85,2.15,3.45,4.05,2.3499999999999996,34.6
Doswell,VA,83.9,6.5,0.4,1.6,1.5,6.2,26.0
Dothan,AL,87.1,7.8,0.2,0.85,1.9500000000000002,2.1500000000000004,24.15
Douglas,GA,83.9,9.7,0.6,0.9,2.7,2.3,19.7
Douglass,TX,79.3,11.7,0.2,4.1,1.7,3.0,19.6
Douglasville,GA,79.6,12.0,0.9,1.0,1.4,5.1,31.4
Dove Creek,CO,56.3,12.9,0.0,25.1,0.3,5.4,17.6
Dover,DE,82.9,9.6,1.2,1.7,1.0,3.6,26.1
Dover,OK,84.7,6.9,0.0,1.2,0.9,6.4,20.6
Dow City,IA,76.6,11.1,0.3,3.0,4.0,5.1,15.8
Downsville,LA,88.1,6.8,0.7,1.1,0.7,2.7,32.9
Doyle,TN,85.7,10.6,0.0,0.7,0.9,2.1,23.8
Doylesburg,PA,82.6,10.4,0.3,2.4,0.9,3.4,23.5
Drakes Branch,VA,78.3,12.2,0.5,1.7,3.6,3.7,30.0
Drewsey,OR,70.7,7.2,0.4,7.2,2.0,12.6,16.0
Driscoll,ND,56.4,16.1,0.6,8.0,2.6,16.3,24.9
Drummond,WI,75.6,10.2,1.2,4.7,1.5,6.8,23.4
Dry Branch,GA,86.5,8.4,1.9,0.9,1.0,1.4,32.2
Dryden,TX,80.5,3.1,0.0,5.8,4.1,6.5,18.6
Du Bois,NE,76.4,13.3,0.0,1.8,0.9,7.5,18.2
Duck Hill,MS,88.3,9.2,0.0,0.0,1.5,1.0,25.7
Dudley,GA,85.5,10.3,0.2,1.5,1.1,1.5,23.2
Duke Center,PA,82.3,9.4,0.4,3.9,1.3,2.6,20.2
Dulce,NM,80.8,11.0,1.6,1.0,2.4,3.3,26.2
Duluth,MN,78.1,9.4,2.5,4.7,1.5,3.9,19.6
Dumont,MN,75.7,9.8,0.5,5.1,0.8,8.2,17.1
Dundee,MS,78.2,15.0,1.0,2.0,1.6,2.2,20.7
Dunellen,NJ,73.1,8.4,9.5,2.9,2.3,3.8,32.9
Dunn Center,ND,66.2,12.8,0.7,4.8,1.9,13.5,24.6
Dunning,NE,50.2,13.3,0.0,7.5,1.4,27.6,23.9
Dupree,SD,65.3,5.7,0.7,6.6,1.7,20.0,19.6
Durand,WI,75.6,8.6,0.1,5.4,1.8,8.4,25.1
Durango,CO,31.2,13.1,1.8,29.4,19.9,4.7,11.8
Durant,MS,80.1,14.8,1.2,1.3,1.5,1.1,27.4
Durham,NC,74.9,11.6,3.9,2.6,2.1,4.8,22.0
Dustin,OK,79.2,7.5,0.7,2.1,1.0,9.4,25.0
Dutch John,UT,86.5,3.7,1.4,0.5,2.3,5.6,19.3
Eagle,ID,79.9,8.0,0.5,2.0,2.8,6.9,20.0
Eagle Pass,TX,77.2,17.0,0.5,2.3,1.8,1.2,20.8
Eagle River,WI,82.5,8.2,0.4,2.4,1.2,5.3,19.9
Earle,AR,81.4,11.350000000000001,0.35,2.2,1.9,2.85,22.45
Earling,IA,78.5,10.2,0.7,2.9,1.2,6.5,18.3
East Concord,NY,81.3,8.3,3.7,2.9,1.3,2.6,21.2
East Jordan,MI,78.6,12.6,0.7,2.0,0.6,5.6,20.2
East Nassau,NY,80.8,8.8,2.2,4.2,0.9,3.2,23.1
East Peoria,IL,86.7,8.0,0.6,1.3,0.7,2.7,21.1
East Prairie,MO,75.7,15.2,0.0,3.1,0.7,5.4,17.0
East Stone Gap,VA,82.1,13.0,0.8,1.9,0.7,1.5,22.6
Eastsound,WA,63.7,11.6,2.1,9.5,4.0,9.1,14.4
Eastview,KY,81.0,11.5,0.5,2.6,1.3,3.2,22.4
Eaton,IN,87.1,6.9,0.4,2.5,0.9,2.1,23.6
Eatonton,GA,80.5,12.3,0.3,1.0,2.3,3.6,25.9
Eau Claire,WI,80.8,8.7,0.2,2.6,1.5,6.4,22.0
Ebro,FL,84.3,9.1,0.4,1.0,2.9,2.3,29.3
Echola,AL,85.8,9.0,0.4,1.4,0.9,2.5,22.1
Eckert,CO,73.0,12.4,0.3,4.9,2.0,7.4,23.8
Edelstein,IL,82.9,8.5,2.5,2.3,1.3,2.5,19.3
Edgartown,MA,74.3,6.3,4.0,4.2,3.0,8.3,14.4
Edgemont,SD,74.55,10.350000000000001,0.55,5.550000000000001,1.5,7.45,21.950000000000003
Edgerton,MN,77.3,9.2,0.8,4.1,1.1,7.5,18.5
Edgewood,NM,78.9,6.6,0.0,2.0,0.8,11.6,30.9
Edinburg,ND,79.0,9.9,0.1,5.3,0.8,4.9,17.0
Edison,OH,85.9,8.7,0.5,1.0,0.7,3.2,30.1
Edon,OH,87.3,7.0,0.1,1.7,1.6,2.2,19.1
Edson,KS,78.7,11.8,0.0,0.2,3.2,6.1,14.7
Egegik,AK,21.2,6.8,1.1,36.2,32.4,2.4,6.0
Ekalaka,MT,48.5,8.8,0.0,14.8,2.8,25.1,13.4
El Cerrito,CA,68.9,11.6,10.1,1.7,1.9,5.8,35.3
El Paso,TX,74.65,12.6,0.75,1.9,3.2,6.9,23.049999999999997
El Reno,OK,86.1,8.8,0.2,0.6,1.3,3.0,23.1
Eldorado,OK,86.5,6.4,0.0,1.4,0.6,5.0,15.6
Eldorado,TX,74.3,16.4,0.7,0.3,2.3,6.0,25.2
Eldridge,IA,85.8,7.0,0.8,1.6,1.0,3.7,18.7
Electra,TX,86.4,7.4,0.0,0.8,0.7,4.7,21.5
Electric City,WA,74.3,12.4,2.4,2.8,2.5,5.5,18.4
Elfrida,AZ,77.6,10.0,0.5,3.8,2.6,5.5,19.3
Elgin,IL,79.9,10.1,2.7,1.5,1.0,4.8,29.1
Elgin,TX,79.4,13.5,0.1,2.6,0.9,3.4,25.3
Elizabeth,LA,84.4,8.8,0.8,1.2,3.0,1.9,27.5
Elizabeth City,NC,83.15,10.8,0.35,1.25,2.2,2.25,30.6
Elk City,KS,81.7,9.6,0.1,5.1,1.7,1.8,16.8
Elk Horn,IA,78.7,8.5,0.5,5.5,0.8,6.0,17.5
Elk Horn,KY,79.5,10.5,0.1,3.8,1.7,4.4,18.8
Elk Park,NC,79.7,11.8,0.5,2.4,0.6,5.0,22.9
Elkhart,IN,78.7,13.5,0.4,1.6,2.9,2.9,19.6
Elkton,OR,77.3,11.2,0.2,2.9,2.2,6.2,20.2
Ellabell,GA,85.0,8.9,0.0,2.0,2.1,1.9,29.3
Ellaville,GA,81.5,14.3,0.3,1.7,1.5,0.8,26.8
Ellenboro,NC,85.5,9.1,0.5,1.8,0.7,2.3,24.0
Ellenboro,WV,88.4,6.8,0.3,1.6,0.5,2.4,26.8
Ellendale,DE,82.7,7.7,0.9,2.2,1.6,4.9,25.0
Ellinger,TX,83.2,9.2,0.2,1.7,1.2,4.5,23.3
Elliott,IA,76.9,10.5,1.5,3.1,2.2,5.9,19.1
Elliottville,KY,84.6,9.1,1.8,1.9,0.2,2.5,19.4
