City,Drive,Carpool,Transit,Walk,OtherTransp,WorkAtHome,MeanCommute
Aberdeen,76.9,13.4,1.5,2.2,2.0,3.9,24.2
Abilene,81.4,11.4,0.6,2.3,1.8,2.5,15.9
Abingdon,83.7,8.95,1.0,1.6,0.7,4.05,27.45
Adams Run,83.6,9.9,0.6,0.9,1.2,3.8,28.2
Addison,78.4,10.95,0.15000000000000002,3.7,1.0,5.8,21.65
Adena,86.3,7.7,0.4,2.6,1.1,1.9,22.5
Adger,84.5,12.0,0.3,0.9,1.0,1.3,30.0
Adjuntas,87.9,5.6,0.0,5.5,0.0,1.0,29.7
Adrian,81.9,9.5,0.15,3.45,0.9,4.1,22.35
Afton,74.9,11.35,0.65,4.9,1.65,6.6,23.0
Aguada,78.35,13.649999999999999,0.55,3.6,0.8,2.95,23.35
Aguadilla,90.6,5.6,0.4,3.1,0.1,0.2,25.5
Aguas Buenas,81.4,8.9,3.0,3.6,0.8,2.3,34.0
Aguirre,84.0,5.9,0.5,6.0,2.3,1.3,24.1
Aiken,86.0,9.5,0.1,2.2,1.0,1.3,27.5
Akron,86.55000000000001,8.850000000000001,0.15,0.9500000000000001,1.65,1.9,26.700000000000003
Akutan,18.4,4.9,0.5,71.2,2.2,2.8,4.9
Alamo,88.4,6.1,0.0,1.3,0.5,3.7,23.4
Alamogordo,76.4,16.9,0.6,2.6,1.1,2.4,19.1
Alamosa,79.1,12.4,0.2,2.9,0.9,4.4,18.2
Albany,80.47142857142858,9.585714285714287,1.0142857142857142,2.5428571428571423,2.4,3.9571428571428577,22.242857142857144
Albion,77.0,7.5,0.0,4.7,1.0,9.8,17.0
Albrightsville,82.9,7.5,0.4,3.0,2.6,3.6,31.7
Albuquerque,79.9,9.4,1.8,2.0,2.6,4.1,21.6
Alexander,78.8,8.5,0.2,6.3,0.7,5.4,15.9
Alexander City,87.1,9.0,0.1,0.4,1.2,2.2,28.5
Alexandria,81.1,7.4,1.1500000000000001,3.5,0.75,6.15,18.25
Alice,70.0,19.3,0.0,5.7,1.7,3.3,26.9
Aliceville,86.2,8.4,0.3,2.8,0.3,2.0,24.3
Alix,77.5,12.2,1.0,1.7,0.6,7.1,27.1
Alleghany,71.1,8.8,0.0,4.2,3.8,12.1,28.2
Allen,81.6,7.2,1.1,0.8,1.4,7.8,28.2
Allendale,82.2,10.4,0.4,2.4,0.9,3.8,17.7
Allenhurst,79.5,12.7,0.5,0.9,6.1,0.3,27.4
Alleyton,87.2,7.8,1.1,1.9,0.2,1.8,21.4
Alliance,71.5,10.3,0.0,9.9,1.4,6.9,18.0
Allison,86.5,8.0,0.0,1.3,1.9,2.3,18.1
Allouez,71.3,15.8,0.1,3.9,1.3,7.6,22.0
Alma,80.3,15.299999999999999,0.45,1.6,0.7,1.7,20.55
Alma Center,79.7,11.1,0.1,2.5,1.3,5.3,22.1
Almena,79.2,7.6,0.2,5.5,1.3,6.2,19.6
Almyra,80.9,13.0,0.3,2.1,1.4,2.4,15.1
Alpena,76.26666666666667,11.1,0.16666666666666666,4.5,1.1,6.833333333333333,20.6
Alpharetta,72.8,8.1,7.0,2.8,1.4,7.9,27.4
Alpine,81.8,8.9,1.65,1.65,1.3,4.65,26.1
Alston,85.2,7.8,0.3,1.5,2.9,2.2,20.5
Altamont,80.3,7.6,4.0,3.3,1.4,3.4,22.6
Alto,78.3,11.850000000000001,0.25,2.9,1.6,5.1,23.1
Altonah,84.0,8.4,0.5,3.2,0.8,3.1,22.0
Altoona,80.5,11.4,0.3,1.1,1.5,5.3,28.2
Altus,81.5,12.7,0.2,2.3,1.2,2.1,15.0
Alva,80.25,9.6,0.1,3.9,1.45,4.75,15.95
Alvo,84.2,9.6,0.1,2.2,0.8,3.1,26.6
Amado,76.6,9.9,2.8,2.5,3.7,4.6,24.4
Amargosa Valley,75.7,14.0,1.1,3.1,2.3,3.7,24.8
Amarillo,80.55,13.05,0.8500000000000001,1.55,1.25,2.7,18.700000000000003
Amasa,81.7,10.5,0.3,2.7,1.1,3.7,21.1
Amboy,78.8,9.2,2.4,1.8,1.5,6.3,25.3
Amelia,73.1,10.2,0.5,5.0,0.7,10.5,13.9
Amistad,78.0,13.9,1.2,1.4,2.1,3.5,14.3
Amity,78.7,14.5,0.8,1.8,2.1,2.1,26.0
Anaconda,68.19999999999999,12.45,0.4,6.3,1.2000000000000002,11.55,22.799999999999997
Anamosa,82.0,9.5,0.4,3.2,0.6,4.4,24.9
Anawalt,84.9,10.0,0.6,1.7,0.3,2.5,25.2
Anchorage,75.4,11.9,1.9,3.1,4.0,3.7,19.5
Andalusia,86.9,8.6,0.30000000000000004,1.35,1.2,1.6500000000000001,24.3
Anderson,86.5,8.1,0.3,1.2,1.5,2.4,23.0
Andersonville,73.1,15.0,1.8,2.3,3.7,4.1,24.9
Andrews,80.55,13.2,0.15,1.4000000000000001,1.2999999999999998,3.35,20.950000000000003
Angela,72.1,10.0,0.3,6.9,3.5,7.2,14.1
Angola,89.3,7.7,0.0,0.1,0.3,2.6,28.4
Angoon,37.5,9.8,1.8,29.3,10.5,11.0,9.0
Angora,71.7,13.3,0.6,5.1,1.3,7.9,17.5
Animas,78.6,10.8,0.1,3.8,1.0,5.9,20.0
Annabella,79.4,11.7,0.8,1.6,2.1,4.4,16.5
Annapolis,85.6,8.6,0.0,0.8,2.0,3.0,26.6
Anniston,85.3,9.4,0.2,1.2,1.2,2.7,24.1
Antigo,81.7,8.3,0.4,3.9,1.7,4.0,21.9
Apache,83.3,11.1,0.6,2.2,1.0,1.8,21.6
Appleton City,78.8,7.6,0.3,4.9,2.7,5.7,25.7
Arab,82.0,12.9,0.2,1.0,0.8,3.1,23.6
Aragon,70.3,5.9,0.0,8.1,1.1,14.7,16.0
Aransas Pass,79.6,11.5,0.0,2.9,0.9,5.0,22.0
Arapahoe,74.25,13.55,0.05,3.0,2.0,7.15,20.4
Arcadia,75.46666666666667,13.633333333333333,2.066666666666667,3.6,1.2666666666666666,3.9666666666666663,21.03333333333333
Arcanum,84.35,9.4,0.4,1.7,1.15,3.05,23.4
Arco,76.4,10.6,1.2,7.4,0.4,4.0,21.3
Arcola,75.3,10.3,0.1,4.1,4.9,5.3,21.1
Ardenvoir,76.8,9.6,1.5,4.4,2.5,5.3,18.2
Ardmore,78.9,13.7,0.4,2.5,0.6,3.9,23.8
Arena,76.4,11.1,0.4,4.1,1.7,6.4,26.1
Arkadelphia,79.2,10.7,0.4,4.1,1.3,4.3,21.5
Arlington,72.46666666666665,8.1,8.233333333333333,3.8333333333333335,2.0,5.3999999999999995,24.383333333333336
Armagh,80.5,8.5,0.6,5.3,1.9,3.2,22.2
Armour,73.3,5.7,0.5,5.2,0.8,14.5,14.4
Armstrong,94.6,0.0,0.0,5.4,0.0,0.0,16.6
Arnett,84.3,9.7,0.1,1.9,1.2,2.7,24.3
Arnold,71.63333333333334,11.266666666666666,0.03333333333333333,5.966666666666666,1.5666666666666667,9.6,17.266666666666666
Arpin,82.0,8.2,0.2,4.1,1.9,3.6,18.9
Arroyo,85.1,11.0,2.1,0.8,0.0,1.0,21.3
Artemus,85.8,9.5,0.9,1.4,0.2,2.1,20.9
Ash,79.6,13.3,0.4,0.7,1.2,4.8,23.7
Ash Grove,79.85,11.55,0.39999999999999997,2.1500000000000004,1.6,4.45,20.85
Ashburn,78.95,12.5,0.35,1.5,2.95,3.8,22.2
Ashburnham,81.7,8.7,1.6,2.7,1.0,4.2,28.3
Ashford,87.0,8.7,0.0,2.7,0.1,1.5,30.4
Ashland,78.025,10.9,3.1750000000000003,3.225,1.425,3.2750000000000004,25.5
Ashley,75.8,7.4,0.3,9.4,0.7,6.4,12.5
Aspen,52.3,8.4,11.9,10.4,6.5,10.4,17.8
Assaria,83.0,8.4,0.5,1.8,3.1,3.2,14.4
Astoria,31.6,6.4,52.3,5.8,1.5,2.4,42.6
Atchison,73.6,10.9,0.1,7.4,1.0,6.9,20.8
Athens,82.60000000000001,10.066666666666666,1.4999999999999998,1.8666666666666665,1.3,2.6666666666666665,22.866666666666664
Atkins,81.9,12.8,0.6,1.3,1.3,2.2,24.7
Atlanta,82.6,7.7,0.0,3.0,0.8,6.0,27.2
Atlantic,79.9,11.2,0.5,4.0,1.7,2.7,20.9
Atlantic City,76.1,8.3,7.4,3.4,2.8,2.0,23.8
Attleboro,82.1,9.0,2.5,2.3,0.9,3.1,27.6
Atwood,85.5,8.1,0.2,1.6,2.3,2.3,24.7
Au Gres,81.5,9.6,0.8,2.9,1.5,3.7,26.2
Auburn,80.075,11.975,0.35,3.575,1.7249999999999999,2.3,24.175
Auburntown,82.2,12.4,0.2,1.0,0.8,3.4,33.5
Audubon,77.8,10.8,0.4,2.9,1.5,6.6,22.8
Augusta,84.125,9.375,0.525,1.725,0.85,3.3999999999999995,27.124999999999996
Aurora,77.69999999999999,13.25,1.9500000000000002,1.75,1.1,4.300000000000001,25.65
Austin,69.83333333333333,13.733333333333334,5.533333333333334,4.866666666666666,1.7666666666666668,4.3,22.0
Austinburg,83.4,9.3,0.8,1.9,1.5,3.1,25.2
Austinville,83.5,12.6,0.2,0.5,0.2,3.0,25.3
Autaugaville,87.5,8.8,0.1,0.5,1.3,1.8,26.5
Avera,78.3,14.0,0.6,2.9,0.5,3.7,24.5
Avinger,88.1,5.8,0.3,1.2,2.3,2.3,25.1
Avoca,78.4,15.9,0.0,1.7,1.7,2.3,21.4
Avondale,79.9,12.2,1.0,2.7,1.2,3.0,21.1
Axtell,81.55,11.9,0.2,1.65,1.1,3.6,19.5
Axton,87.8,8.9,0.3,0.2,0.6,2.2,23.9
Azle,82.1,10.9,0.0,0.8,0.6,5.5,32.2
Bainbridge,75.9,12.5,0.7,5.0,0.8,5.2,23.7
Bajadero,85.7,9.4,0.5,2.3,0.5,1.7,27.9
Baker,78.1,6.7,0.0,5.7,0.6,8.9,13.2
Baker City,72.3,11.2,0.2,5.9,3.1,7.3,15.6
Bakersfield,81.19999999999999,11.4,0.6000000000000001,1.4,2.1,3.3,21.65
Baldwin,83.9,8.1,0.9,2.5,1.2,3.4,19.5
Baldwyn,88.0,8.1,0.3,1.0,0.7,1.9,19.5
Balko,84.6,7.4,0.6,2.7,0.8,3.9,19.8
Ball Ground,80.1,8.9,0.4,0.9,1.9,7.8,32.7
Baltic,51.7,21.8,0.3,6.9,10.5,8.9,21.8
Baltimore,60.2,9.2,18.6,6.7,2.1,3.1,30.5
Bandana,85.9,6.4,1.8,0.8,2.5,2.6,23.7
Banks,87.2,5.8,0.7,2.2,0.9,3.2,19.2
Barceloneta,82.1,7.1,0.0,6.3,1.9,2.6,24.9
Barksdale,56.2,14.4,0.0,5.7,7.2,16.5,23.2
Barnesville,78.65,13.100000000000001,0.35,2.1,0.95,4.8,21.200000000000003
Barnhart,85.8,9.8,0.2,0.5,0.4,3.1,30.3
Barnum,84.3,7.1,0.4,2.0,1.5,4.7,16.1
Barranquitas,89.25,5.050000000000001,0.7,2.2,0.15,2.55,32.6
Bartlett,80.6,9.4,0.7,0.9,1.4,6.9,27.2
Barton,84.8,8.7,0.5,1.4,1.3,3.3,23.3
Bartow,82.0,12.0,0.5,0.6,2.7,2.2,21.3
Basehor,81.5,12.5,0.1,1.9,1.4,2.6,22.3
Basile,80.2,12.8,0.2,2.4,2.5,2.0,27.8
Bassett,79.7,14.4,0.1,1.5,2.3,1.9,17.9
Batavia,83.2,8.6,0.4,3.4,1.6,2.9,21.9
Bates,72.8,11.4,0.8,5.5,1.4,8.1,18.2
Batesburg,77.6,12.2,2.0,1.8,1.7,4.8,30.7
Batesville,83.6,7.6,0.3,1.7,2.0,4.9,26.3
Bath,82.3,9.2,0.3,3.3,1.4,3.5,25.6
Bath Springs,87.5,6.3,0.1,1.6,1.0,3.5,26.7
Battle Creek,81.3,10.7,0.3,2.1,2.3,3.4,14.7
Battle Ground,81.8,10.9,0.2,1.9,1.3,4.0,24.1
Battle Mountain,61.1,8.1,3.9,25.0,0.0,2.0,17.0
Bauxite,85.9,9.8,0.2,0.7,0.8,2.7,25.5
Bay City,83.6,10.899999999999999,0.75,1.95,0.7,2.0999999999999996,22.3
Bay Port,81.3,9.2,0.5,3.6,1.1,4.3,20.7
Bayamon,75.2,12.9,4.8,2.0,3.3,1.9,35.6
Bayport,79.3,7.9,6.5,1.6,1.2,3.5,31.4
Beach,71.4,8.3,0.0,9.4,2.1,8.8,12.7
Beach Haven,82.5,7.5,2.1,1.6,1.6,4.7,30.9
Bealeton,78.8,9.9,1.4,1.6,0.9,7.2,39.8
Bear Creek,76.6,10.8,1.1,1.1,2.6,7.8,28.3
Beattyville,79.8,14.1,0.0,1.1,0.0,5.1,32.5
Beaufort,75.5,11.5,0.5,2.7,2.8,6.9,21.9
Beaumont,83.1,7.9,0.0,1.6,0.5,7.0,22.9
Beaverton,77.15,9.55,3.7,2.75,1.9,4.949999999999999,25.4
Bechtelsville,80.2,9.8,1.7,3.3,1.5,3.6,24.4
Becker,83.0,9.2,1.4,0.7,1.4,4.3,32.3
Bedford,86.3,10.1,0.0,0.3,1.1,2.3,29.6
Bee Branch,83.4,10.3,0.2,1.8,1.1,3.3,27.4
Beeson,84.4,9.3,0.5,2.8,1.1,2.0,21.6
Beeville,81.0,13.2,0.0,2.4,1.5,1.9,23.0
Bejou,79.1,6.5,0.3,4.2,1.5,8.4,21.7
Belden,86.6,9.0,0.1,0.7,1.5,2.1,24.1
Belgium,84.6,6.1,0.5,1.7,1.3,5.7,24.0
Bella Vista,81.9,8.1,0.7,2.1,1.8,5.5,20.0
Bellaire,74.3,14.7,0.6,2.2,1.1,7.0,24.5
Belle Plaine,83.9,7.3,1.8,0.9,1.1,5.0,26.4
Belleview,80.5,10.1,0.1,2.6,1.8,4.9,25.2
Belleville,81.9,7.6,4.3,1.7,1.3,3.2,24.4
Bellevue,85.55000000000001,8.55,0.1,1.2,1.05,3.55,22.700000000000003
Bells,78.8,12.1,0.4,1.9,1.2,5.6,25.0
Belmont,74.3,9.1,0.6,11.5,1.5,3.0,21.4
Belpre,85.6,8.0,0.2,2.8,0.8,2.5,22.4
Belvidere,82.6,9.1,0.0,3.0,2.5,2.7,27.7
Bend,79.8,9.0,0.0,3.8,1.4,6.0,21.3
Benicia,76.6,13.7,2.8,1.7,1.5,3.8,30.1
Benkelman,76.6,2.6,0.4,7.5,2.2,10.6,14.0
Bennett,81.7,8.0,0.1,2.5,1.2,6.5,25.1
Bennington,80.75,9.2,0.15,4.3,1.6,3.95,25.15
Benzonia,76.8,13.1,1.8,2.1,1.1,5.2,25.9
Berea,80.65,13.45,0.8999999999999999,0.75,1.1,3.0500000000000003,30.650000000000002
Berkeley Springs,79.7,15.4,0.0,1.6,0.7,2.7,33.1
Berlin Heights,83.4,9.7,0.7,2.8,1.1,2.3,20.9
Bern,71.2,18.1,1.0,3.2,1.3,5.2,20.0
Bernalillo,81.9,8.3,1.2,1.3,1.5,5.7,29.2
Berryton,81.4,12.1,0.1,2.4,0.6,3.4,29.3
Berthoud,79.2,10.9,0.6,2.3,1.8,5.2,26.3
Berwick,81.5,11.0,0.4,2.7,3.0,1.4,21.9
Bessemer,80.8,10.6,0.7,4.0,1.4,2.5,17.5
Bethlehem,81.6,9.65,1.4,1.75,1.25,4.4,29.9
Bethune,76.5,11.1,0.7,3.1,1.0,7.6,12.3
Beulah,70.75,12.25,0.1,3.2,1.95,11.700000000000001,21.15
Biddeford,79.6,9.8,0.7,2.4,1.4,6.1,27.8
Big Cabin,82.9,10.3,0.1,0.8,0.9,5.0,23.9
Big Pine Key,67.4,9.7,2.2,4.4,10.7,5.6,18.8
Big Rock,85.8,8.75,0.3,1.55,1.7999999999999998,1.7999999999999998,31.65
Big Sandy,72.75,10.7,0.9500000000000001,4.6,2.0,9.05,20.7
Big Spring,81.1,5.8,0.0,2.6,1.2,9.3,21.0
Big Wells,79.3,8.2,0.1,4.5,2.3,5.7,15.8
Bighill,79.1,9.2,0.4,5.9,2.7,2.6,22.1
Biglerville,82.6,8.1,0.4,4.0,1.1,3.7,27.2
Billings,81.4,10.65,0.55,1.75,1.5,4.15,22.75
Billingsley,81.2,14.2,0.2,1.1,1.4,1.9,32.0
Binford,76.7,6.6,0.0,5.5,0.9,10.3,15.6
Bingen,75.0,9.3,0.0,4.5,1.2,10.0,22.8
Bird City,73.4,10.5,0.0,8.2,0.9,7.0,14.1
Birdsnest,75.6,12.7,1.2,3.7,1.3,5.6,19.7
Birmingham,84.9,9.3,0.9,1.3,1.0,2.5,23.6
Bisbee,65.8,11.3,0.1,13.5,1.5,7.8,14.2
Bishop,58.8,7.85,6.4,11.7,6.1,9.15,16.75
Bismarck,82.9,11.3,0.4,1.6,0.85,2.9,22.2
Black River,75.9,11.1,0.4,6.8,1.9,4.0,17.8
Black River Falls,81.4,9.0,0.3,2.8,2.8,3.7,20.1
Blacksburg,80.8,9.1,2.65,2.9,1.8,2.75,19.9
Blackstone,83.0,11.4,0.2,0.4,2.9,2.0,26.8
Blackwell,82.75,8.3,0.1,3.4,2.0,3.5,19.1
Blanchard,77.2,10.2,0.4,2.6,2.4,7.2,24.1
Blanchardville,76.0,8.6,0.3,5.0,1.4,8.6,24.8
Blanchester,85.4,6.95,0.44999999999999996,2.05,1.0499999999999998,4.15,27.1
Blanco,79.85,12.899999999999999,0.2,2.1,0.9,4.1,23.05
Bledsoe,71.9,22.8,0.5,2.3,1.0,1.5,19.5
Bloomery,80.4,15.4,0.4,2.2,0.0,1.6,38.1
Bloomfield,82.0,11.1,1.3,3.1,0.9,1.5,26.1
Bloomingdale,83.3,7.9,0.3,3.5,1.2,3.9,24.8
Bloomington Springs,89.1,6.7,0.1,0.9,0.7,2.5,22.9
Blountsville,84.9,11.2,0.4,0.9,0.4,2.3,34.9
Blue Mound,81.7,11.1,0.8,1.3,0.9,4.2,24.3
Blue Mountain,83.3,10.5,0.3,1.7,0.6,3.6,24.4
Blue Ridge,81.4,10.4,0.1,1.5,1.4,5.2,29.4
Blue River,77.1,8.6,0.3,6.7,1.9,5.4,20.4
Blue Springs,81.15,9.55,1.2,2.25,1.05,4.75,21.4
Bluff City,82.5,9.7,0.2,3.3,1.9,2.4,15.3
Bluff Dale,82.7,9.1,0.1,1.4,0.9,5.8,31.8
Bluffton,78.0,13.1,0.4,1.8,2.0,4.7,21.1
Bogart,85.0,8.0,0.2,0.5,0.9,5.4,30.7
Bogata,82.5,10.6,0.0,2.2,1.6,3.2,30.4
Boise,67.8,12.6,0.7,4.8,1.1,12.9,37.9
Bomont,71.2,20.7,0.0,2.1,3.0,3.0,41.4
Bond,64.6,16.8,2.2,5.7,1.3,9.4,19.8
Bonesteel,70.9,11.1,0.0,6.8,1.4,9.8,14.9
Bonita Springs,74.6,11.0,2.6,1.5,3.3,7.0,24.0
Bonners Ferry,76.8,10.5,0.1,3.5,1.3,7.7,21.8
Boone,74.0,10.0,2.5,5.6,1.0,6.9,19.5
Boones Mill,78.7,11.3,0.5,3.1,1.2,5.2,29.8
Boonville,82.4,12.0,0.0,1.0,1.2,3.4,27.4
Boston,68.7,10.133333333333333,10.9,5.3,1.8999999999999997,3.066666666666667,25.633333333333336
Boswell,80.9,11.4,0.5,2.1,2.2,2.9,20.9
Boulder,71.5,13.5,0.0,8.5,2.1,4.5,14.1
Bouton,86.7,6.6,0.2,1.5,0.8,4.3,20.9
Boutte,88.4,7.0,0.0,0.7,1.9,2.0,26.2
Bovina,73.5,17.0,1.0,3.3,1.7,3.5,15.9
Bowie,75.73333333333333,11.533333333333333,5.733333333333333,2.066666666666667,0.9333333333333332,3.9666666666666663,29.46666666666667
Bowlegs,83.6,9.3,0.1,1.9,1.4,3.7,22.8
Bowling Green,82.55,9.1,0.4,3.7,1.5,2.75,19.8
Bowman,81.1,8.2,0.0,4.4,1.4,4.8,15.5
Box Elder,80.1,8.3,0.2,6.2,1.1,4.1,11.9
Boyertown,79.1,6.9,5.2,2.7,0.8,5.2,27.9
Bozeman,72.5,9.1,0.6,6.3,4.6,6.8,17.5
Bracey,81.5,10.95,0.95,1.65,1.9500000000000002,3.0,26.8
Brackenridge,72.1,9.0,9.1,4.2,1.5,4.2,26.4
Brackettville,77.6,7.6,0.5,0.2,4.4,9.8,17.9
Bradenton Beach,79.3,9.7,0.9,1.5,2.0,6.7,24.5
Bradford,83.6,8.55,0.2,2.45,0.8,4.4,25.200000000000003
Bradgate,74.4,9.6,0.2,5.5,1.2,9.1,16.9
Bradleyville,74.9,15.6,1.0,3.3,0.7,4.5,20.7
Brady,80.5,11.3,0.0,6.1,0.0,2.0,16.2
Braidwood,83.9,6.2,3.9,0.7,1.2,4.0,32.6
Branchville,85.5,11.3,0.2,0.7,0.7,1.6,22.5
Brandon,80.4,8.9,1.4,1.6,2.0,5.5,26.4
Brandy Station,81.8,9.1,1.2,1.8,1.0,5.1,38.7
Brasstown,92.9,3.7,0.0,0.8,0.2,2.4,18.4
Braxton,87.5,8.9,0.1,0.4,0.9,2.3,25.4
Brazil,83.2,8.7,0.5,2.3,1.5,3.8,26.8
Breaux Bridge,82.8,12.8,0.3,1.4,1.4,1.3,27.5
Breckenridge,81.75,11.5,0.3,1.7,1.5,3.3,16.65
Breda,83.6,7.3,0.3,3.3,1.0,4.5,17.9
Breeding,83.0,8.7,2.3,0.4,0.8,4.8,20.8
Bremen,79.7,11.4,0.2,2.9,2.8,3.0,21.8
Bremo Bluff,78.9,14.0,0.1,0.2,0.3,6.4,33.6
Bremond,76.2,13.5,1.7,3.1,2.3,3.2,24.5
Brenham,81.75,11.25,0.2,1.3,1.4,4.15,24.35
Brewerton,79.7,7.9,3.2,4.4,1.3,3.6,20.1
Briceville,87.1,8.0,0.0,1.0,0.9,3.0,22.4
Bridgeport,84.2,8.3,0.6,2.6,1.9,2.4,21.8
Bridgeton,82.6,10.0,1.8,2.0,2.0,1.6,23.5
Bridgeville,65.3,10.9,1.1,4.9,1.9,15.7,18.0
Bridgewater Corners,76.2,10.5,0.9,4.4,1.0,7.0,22.3
Brierfield,83.2,13.5,0.5,0.6,1.5,0.7,28.8
Brighton,84.8,11.5,0.4,0.7,0.5,2.1,32.4
Brightwood,76.9,13.4,0.6,1.9,1.2,6.1,30.7
Briscoe,77.4,15.7,0.0,2.4,0.7,3.8,17.6
Bristol,83.92500000000001,8.55,1.6,1.7750000000000001,1.475,2.675,23.974999999999998
Bristow,79.5,10.7,0.35,3.1500000000000004,1.8,4.55,25.549999999999997
Broadus,59.2,7.7,0.0,9.6,3.0,20.6,15.5
Broadview,78.1,9.15,0.15,3.4000000000000004,1.45,7.75,23.6
Brocket,81.6,6.2,0.5,4.0,1.8,5.9,12.5
Broken Bow,79.8,14.2,0.5,1.5,1.7,2.3,22.3
Bronston,84.9,9.9,0.3,1.7,1.3,1.9,19.9
Bronx,22.5,4.7,59.7,8.0,1.8,3.3,43.0
Brookesmith,87.3,9.4,0.4,0.7,0.5,1.6,17.4
Brookings,75.3,9.6,0.4,6.6,3.1,5.0,14.1
Brooklyn,50.75,6.55,31.150000000000002,6.15,1.65,3.7,33.85
Brooks,86.4,9.2,0.4,0.8,0.7,2.6,27.5
Brooksville,83.3,9.2,0.1,1.0,1.3,5.0,29.1
Brookville,82.1,9.7,0.4,4.1,0.9,2.8,22.9
Broomfield,78.7,8.0,3.2,1.5,1.6,7.0,27.0
Browns Valley,75.8,8.3,0.1,4.3,1.2,10.2,16.0
Brownsville,83.1,10.5,0.7,1.6,1.8,2.2,19.9
Brownton,82.7,8.9,0.3,2.9,1.5,3.7,22.8
Brunswick,87.55000000000001,7.25,0.4,1.1,0.7,3.05,25.75
Brusly,88.8,7.7,0.3,0.7,1.2,1.3,24.0
Brutus,79.8,11.0,0.8,1.8,1.2,5.4,26.1
Bryan,76.3,12.0,2.7,3.6,2.6,2.9,17.7
Buchanan,76.26666666666667,7.733333333333334,7.466666666666668,3.1666666666666665,1.3,4.066666666666666,28.100000000000005
Buckatunna,81.2,8.5,0.8,1.6,2.7,5.1,28.2
Buckhannon,81.0,9.5,0.2,3.6,1.7,4.0,25.6
Buckholts,75.8,15.8,0.2,1.1,2.6,4.6,26.4
Buena Vista,76.9,6.699999999999999,0.1,5.6,4.25,6.5,15.35
Buffalo,63.366666666666674,16.2,0.19999999999999998,3.6333333333333333,2.533333333333333,14.066666666666665,27.433333333333337
Buford,79.5,13.3,0.3,0.9,2.1,3.9,26.0
Buhl,75.6,10.3,0.1,6.5,1.8,5.7,18.7
Bullhead City,78.1,14.2,0.5,1.9,2.5,2.8,19.3
Bullock,85.2,10.4,0.1,2.1,0.3,1.8,22.4
Buna,78.8,14.7,0.2,1.1,2.2,3.0,29.7
Buncombe,81.9,9.4,0.7,1.8,1.0,5.2,24.2
Burbank,68.6,8.5,0.4,12.5,4.0,5.9,15.0
Burgaw,78.5,14.4,0.1,1.1,1.6,4.3,28.1
Burley,82.9,12.4,0.1,1.5,0.9,2.3,16.5
Burlington,75.46666666666667,12.066666666666668,0.8666666666666667,5.266666666666667,2.0,4.3,21.23333333333333
Burlington Junction,76.6,10.6,0.2,7.5,1.3,3.9,15.9
Burns,81.3,12.0,0.7,2.8,1.0,2.2,31.3
Burnsville,87.2,8.6,0.4,1.3,1.1,1.4,22.1
Burton,85.4,8.7,0.0,3.1,0.6,2.2,29.0
Burwell,65.94999999999999,8.1,0.55,6.6000000000000005,0.85,18.0,18.1
Bushnell,74.9,10.8,0.3,8.8,0.5,4.7,14.3
Bussey,79.2,8.5,0.4,4.3,1.8,5.8,20.2
Butte,73.05000000000001,9.100000000000001,0.2,5.65,2.1,9.9,15.9
Butternut,78.9,11.9,0.2,3.2,1.1,4.7,22.0
Byhalia,87.9,8.1,0.1,0.4,0.7,2.7,24.6
Byrdstown,85.9,10.4,0.0,1.0,0.0,2.7,25.2
Byron,83.0,11.399999999999999,0.9500000000000001,1.75,1.15,1.75,21.5
Cabins,82.9,10.2,0.3,2.6,0.3,3.8,27.2
Cadiz,82.8,10.0,0.0,3.9,0.7,2.6,26.5
Caguas,80.2,11.9,1.2,2.8,2.1,1.9,32.8
Cairo,81.4,11.9,1.6,1.85,1.5,1.75,20.6
Caldwell,87.4,6.9,0.4,1.5,0.4,3.4,23.2
Caledonia,81.4,6.9,0.5,6.4,1.5,3.3,25.2
Calhoun,84.94999999999999,9.1,0.15,1.7,1.15,2.9,20.2
Calhoun City,83.0,12.0,0.6,1.1,1.4,1.8,24.1
Caliente,73.1,12.0,0.0,8.3,0.0,6.6,20.1
Call,84.3,10.6,0.0,0.1,3.4,1.5,36.1
Calumet,72.1,11.3,0.9,10.2,1.6,3.9,14.9
Calvin,90.0,5.0,0.4,0.7,1.9,2.0,26.9
Camarillo,77.1,12.6,1.3,1.9,1.7,5.5,25.8
Cambria,78.7,8.8,0.4,4.5,2.1,5.5,23.0
Cambridge,78.96666666666665,10.4,0.3,3.733333333333333,1.7666666666666666,4.833333333333333,20.633333333333336
Camden,82.10000000000001,11.133333333333333,0.7999999999999999,2.1999999999999997,0.7666666666666666,3.0333333333333337,26.0
Cameron,80.0,12.6,0.7,1.6,1.3,3.7,25.8
Camilla,73.6,19.1,0.3,3.0,1.2,2.9,22.1
Camp Douglas,79.9,11.3,0.7,2.8,1.3,3.9,23.4
Camp Hill,82.4,8.3,0.7,3.9,1.0,3.8,21.6
Campbellsburg,82.3,11.5,0.1,0.8,0.7,4.4,31.5
Campbelltown,80.1,10.1,0.6,4.1,1.2,3.9,23.2
Campton,80.9,8.149999999999999,0.75,4.85,2.5,2.85,24.65
Camuy,90.1,5.3,0.1,3.0,0.6,0.9,29.3
Canandaigua,82.5,7.9,0.9,3.9,1.1,3.7,23.0
Candor,82.45,12.35,0.25,1.9000000000000001,0.95,2.15,22.3
Cannelburg,74.3,16.4,0.4,3.0,2.6,3.4,23.1
Cannon Beach,71.8,11.1,1.0,7.1,3.1,6.0,19.0
Canovanas,85.9,7.3,2.7,1.8,0.9,1.5,36.5
Canton,80.56666666666666,9.133333333333333,0.6,3.0,0.9666666666666667,5.7,20.7
Cantwell,43.9,8.4,0.9,17.8,2.4,26.7,17.9
Cape Coral,79.0,10.5,1.1,1.0,2.9,5.6,27.4
Carey,73.4,8.4,2.4,4.2,2.3,9.4,17.7
Carlyle,82.5,10.1,0.6,1.8,1.3,3.7,25.5
Carmel,76.3,8.8,8.3,1.2,0.8,4.5,38.8
Carolina,79.3,12.2,3.7,2.2,0.9,1.8,32.7
Carpenter,77.35,8.3,0.3,4.35,1.15,8.600000000000001,17.5
Carrabelle,76.8,10.2,0.7,3.7,3.2,5.4,20.3
Carrington,82.0,6.4,0.0,5.6,1.0,5.0,13.7
Carrollton,87.5,8.8,0.2,0.5,0.2,2.8,28.5
Carson,70.8,10.350000000000001,0.3,3.6,2.0999999999999996,12.9,28.05
Carson City,80.3,11.8,0.3,3.1,2.1,2.4,17.4
Cartersville,80.75,12.9,0.44999999999999996,0.3,1.5499999999999998,4.0,32.85
Carthage,80.7,10.874999999999998,0.125,3.4749999999999996,1.9499999999999997,2.85,25.5
Cartwright,78.3,9.1,0.9,4.9,1.3,5.5,18.8
Cascade Locks,69.5,10.1,0.1,7.3,3.7,9.3,16.2
Casco,80.9,8.1,0.7,4.5,0.8,5.0,21.8
Cassatt,85.0,9.1,0.3,1.0,1.3,3.3,28.5
Castalia,82.7,9.4,0.1,1.7,1.2,4.9,30.2
Castell,73.3,15.7,0.0,3.9,1.7,5.3,20.3
Castleford,80.9,10.0,0.4,2.7,2.3,3.7,17.1
Cataldo,80.8,8.8,0.4,2.2,1.9,6.0,20.9
Cataula,89.0,5.8,0.2,0.8,1.3,2.8,26.4
Catoosa,85.0,9.8,0.1,0.7,1.0,3.3,25.7
Cave City,81.0,13.6,0.1,2.0,1.5,1.7,20.2
Cayce,84.6,7.6,0.2,0.7,3.0,4.0,25.4
Cayey,78.8,4.3,0.7,4.5,8.4,3.3,29.8
Cayuga,82.4,11.8,0.8,2.1,0.5,2.4,25.3
Cecil,83.4,9.6,0.0,1.4,1.3,4.3,26.3
Cedar Bluff,87.4,8.0,0.0,1.7,0.4,2.4,27.8
Cedar Falls,86.1,9.4,0.1,1.4,0.8,2.1,23.3
Cedar Valley,72.9,12.8,1.8,4.0,2.5,6.1,21.4
Ceiba,87.8,7.2,0.3,1.9,0.8,2.0,27.6
Centenary,81.1,15.0,0.3,0.8,0.6,2.2,29.9
Center,76.4,12.3,0.39999999999999997,4.3,0.85,5.8,20.65
Center Harbor,84.2,8.5,0.0,1.4,1.7,4.2,26.6
Centerview,81.1,8.9,0.2,4.6,1.3,4.0,21.5
Centerville,80.36666666666667,11.033333333333333,0.3,2.6333333333333333,1.3,4.433333333333334,30.666666666666668
Central,86.1,7.1,1.1,2.5,1.0,2.2,23.9
Central Bridge,79.4,8.7,1.5,5.5,0.8,4.2,29.7
Central City,75.6,12.0,1.4,3.1,1.0,6.7,32.8
Centralia,83.6,10.0,0.5,1.9,1.5,2.6,20.8
Centreville,71.7,9.4,9.8,1.8,1.5,5.8,32.0
Ceres,80.2,11.4,1.0,1.8,1.6,4.1,27.0
Ceresco,81.8,8.6,0.2,2.9,1.0,5.5,26.0
Chadwick,82.0,8.6,0.8,2.7,0.6,5.3,23.9
Challis,68.3,6.8,2.5,9.1,4.7,8.6,18.7
Chamberlain,74.0,9.0,1.9,4.6,2.2,8.3,13.9
Chambers,74.6,1.3,0.0,6.9,0.6,16.6,17.5
Chapel Hill,67.4,8.5,7.4,6.0,3.3,7.6,22.3
Chapin,78.9,6.9,1.1,7.6,2.3,3.2,20.7
Chapmansboro,84.9,9.9,0.2,0.4,0.6,3.9,31.6
Chapmanville,85.2,9.2,0.0,3.7,0.5,1.4,24.9
Chappell,72.2,12.3,0.3,3.8,5.3,6.1,23.8
Charleston,80.56666666666668,9.566666666666666,1.4000000000000001,2.8666666666666667,1.5,4.166666666666667,22.066666666666666
Charlo,70.7,11.3,0.8,5.0,1.3,11.0,19.7
Charlottesville,60.1,7.4,8.6,12.6,5.3,6.1,18.2
Chase,83.4,9.1,0.2,2.1,2.7,2.6,20.9
Chateaugay,77.1,10.3,0.7,4.3,1.9,5.8,20.7
Chatfield,76.6,8.3,1.9,6.6,2.0,4.6,17.5
Cherokee,82.25,11.875,0.15000000000000002,1.2,2.0250000000000004,2.5,22.5
Cherryvale,78.2,9.5,0.0,7.1,1.3,3.9,16.3
Chesapeake,86.5,7.0,0.7,1.4,1.2,3.2,25.0
Chester,75.33333333333333,9.833333333333334,3.6999999999999997,3.766666666666666,2.1,5.233333333333333,24.433333333333334
Chester Gap,75.0,16.9,0.2,2.3,1.3,4.3,42.7
Chesterland,80.9,8.8,0.3,1.9,1.9,6.2,28.4
Cheyenne,82.1,9.9,0.6,2.4,2.0,3.0,15.5
Cheyenne Wells,73.1,8.2,0.0,6.1,2.0,10.5,12.4
Chicopee,82.5,8.2,2.2,2.6,1.1,3.4,22.7
Chicora,81.3,10.2,0.7,3.2,1.1,3.4,28.8
Chiefland,76.3,14.8,0.3,1.6,1.3,5.8,30.1
Chili,73.2,8.3,0.1,5.0,2.8,10.7,20.9
Chillicothe,76.85,13.05,0.8,2.45,3.25,3.6,17.85
Chilton,86.4,6.9,0.2,1.3,1.0,4.2,20.1
Christiana,85.1,9.6,0.4,0.9,1.0,3.0,28.0
Christmas Valley,70.4,11.6,0.0,7.2,1.8,8.9,16.5
Church Hill,88.4,7.4,0.5,0.4,1.1,2.2,25.0
Ciales,74.6,18.9,1.2,4.0,0.5,0.7,32.0
Cibolo,84.4,9.9,0.2,0.7,1.1,3.7,25.3
Cidra,83.2,5.3,0.9,2.1,5.2,3.2,31.9
Cincinnati,79.7,8.5,3.7,2.9,1.0,4.1,23.0
Cincinnatus,74.8,11.9,0.8,6.8,0.9,4.8,20.9
Cisco,83.9,10.1,0.1,1.7,1.0,3.1,19.1
Claremont,75.65,14.549999999999999,0.05,4.9,0.6499999999999999,4.15,16.45
Clarence,73.5,9.5,2.45,6.65,1.8,6.199999999999999,20.6
Clarendon,68.7,16.5,0.0,5.3,1.3,8.2,22.6
Clark,63.6,9.9,0.0,9.4,1.2,15.8,17.6
Clarks Mills,81.8,8.5,0.3,3.5,1.0,4.8,20.5
Clarksdale,87.4,6.9,0.1,1.2,0.5,3.9,22.7
Clarkson,79.9,9.7,0.0,3.4,0.8,6.3,18.6
Clarkston,78.9,10.3,0.9,2.7,2.0,5.2,15.9
Clay City,85.7,9.2,0.8,1.1,1.0,2.3,20.5
Clayton,76.67999999999999,10.16,0.32,4.24,0.9400000000000001,7.68,22.34
Cle Elum,72.3,8.7,0.8,9.2,3.8,5.4,21.3
Clearbrook,76.7,12.5,0.6,3.2,1.1,5.8,25.3
Cleveland,82.44999999999999,8.75,1.55,2.9,1.2,3.125,26.725
Clifford,82.4,9.9,1.3,2.0,1.7,2.7,24.2
Clifton,78.55,11.45,0.15000000000000002,2.85,1.3,5.65,24.0
Clifton Forge,85.9,9.3,1.0,0.9,1.3,1.6,24.3
Clinton,81.9,8.1,0.0,1.0,1.4,7.6,19.3
Clio,83.8,10.9,0.4,1.8,1.5,1.6,24.1
Cloquet,82.9,8.3,0.3,2.9,0.9,4.7,20.8
Clover,83.5,9.2,0.7,1.0,1.0,4.7,26.2
Cloverdale,76.4,10.7,0.7,4.8,2.4,5.0,19.6
Cluster Springs,83.1,8.2,0.4,1.2,4.1,2.9,24.4
Coahoma,79.8,15.8,0.2,1.6,0.9,1.7,18.0
Coal City,87.3,7.0,0.8,0.8,0.9,3.2,28.0
Coalgate,83.1,8.8,0.4,2.1,0.4,5.3,24.4
Coamo,89.2,2.6,0.2,5.6,1.4,1.0,24.8
Coats,83.4,10.7,0.0,2.1,1.2,2.5,13.2
Coatsville,77.8,13.4,0.0,1.3,1.5,6.0,26.9
Coeburn,86.0,9.4,0.1,2.3,0.5,1.8,30.3
Coffeeville,84.1,11.0,1.5,0.7,1.9,0.8,19.8
Colby,79.5,9.8,0.1,3.9,1.1,5.6,10.1
Cold Brook,81.2,7.7,0.8,4.6,1.1,4.6,23.4
Coldwater,86.2,8.1,0.0,1.4,1.1,3.1,30.1
Colebrook,79.4,10.0,0.1,3.5,1.0,5.8,20.7
Coleman,84.35,7.8500000000000005,0.6,2.45,1.5,3.3,25.15
Collierville,86.8,8.1,0.0,0.6,0.9,3.6,32.9
Collins,78.8,12.7,0.2,2.8,3.0,2.6,26.3
Collinston,87.4,9.5,0.1,0.8,1.3,0.8,24.9
Collison,84.1,8.6,0.7,2.8,0.9,2.9,20.8
Colonial Heights,86.6,7.2,0.1,1.5,2.1,2.6,20.6
Colorado City,80.7,14.4,0.4,0.7,0.3,3.5,22.2
Colt,78.8,12.8,0.1,3.4,2.5,2.4,20.3
Columbia,81.0,9.85,0.35,1.7999999999999998,1.3,5.75,28.049999999999997
Columbia City,85.5,9.0,0.3,1.0,1.0,3.2,23.4
Columbia Falls,80.9,7.5,0.6,3.2,1.7,6.1,19.2
Columbiaville,85.6,8.8,0.7,1.0,0.4,3.5,33.5
Columbus,79.925,10.625,0.44999999999999996,2.4749999999999996,1.2249999999999999,5.324999999999999,18.55
Columbus Grove,86.0,8.4,0.7,1.3,0.8,2.7,22.6
Comanche,81.8,11.3,0.6,1.9,2.4,2.0,20.3
Comer,83.9,8.1,0.2,1.4,1.7,4.6,28.8
Comerio,85.2,6.5,1.0,3.4,3.3,0.6,37.2
Comfort,76.3,12.4,0.3,2.1,1.2,7.6,29.5
Comfrey,72.5,10.5,1.2,6.6,1.8,7.4,17.3
Comins,77.3,8.4,0.1,2.9,4.4,6.9,19.5
Commerce,84.94999999999999,8.149999999999999,0.1,2.4,1.15,3.2,23.3
Commiskey,84.4,9.5,0.6,1.4,1.5,2.7,26.7
Concord,79.95,10.25,0.1,3.75,0.7000000000000001,5.25,23.549999999999997
Concrete,78.1,10.8,1.1,2.5,2.0,5.6,24.7
Conehatta,83.9,10.3,0.0,1.4,1.8,2.6,26.4
Conley,78.3,13.5,2.3,1.4,2.2,2.3,30.0
Connellsville,84.5,9.0,0.5,2.1,1.2,2.6,26.2
Conover,80.6,7.2,0.1,4.4,1.2,6.5,19.1
Conrad,69.5,12.6,0.0,7.7,1.5,8.7,16.2
Conroe,80.7,10.8,1.3,1.0,1.3,4.9,32.7
Converse,85.0,8.5,0.6,1.4,1.8,2.7,20.2
Conway,84.0,8.85,0.2,2.3,1.75,2.8499999999999996,22.75
Conway Springs,81.7,8.6,0.2,3.6,1.0,4.9,23.3
Cook Station,79.7,14.0,0.1,1.3,1.0,3.8,27.5
Coon Valley,77.4,8.7,0.6,4.0,2.1,7.1,24.2
Cooper,79.5,6.8,0.0,3.7,2.2,7.8,18.7
Coquille,74.4,11.9,0.9,4.7,1.7,6.3,19.6
Cora,75.3,9.5,0.9,7.9,1.3,5.2,22.7
Corinth,80.75,11.850000000000001,0.4,2.4,1.4,3.25,26.15
Cornersville,86.9,9.0,0.2,0.8,1.6,1.5,30.1
Corning,76.5,12.3,0.4,3.8,1.9,5.0,24.6
Cornish,77.5,12.2,0.4,3.0,1.8,5.2,25.4
Corsica,70.8,11.1,0.0,6.7,2.2,9.3,17.7
Cortez,75.9,9.2,0.0,3.9,1.3,9.7,22.3
Corunna,84.35,8.8,0.30000000000000004,1.9,1.5,3.15,24.6
Corwith,79.7,8.4,0.5,2.8,1.8,6.8,20.0
Cosby,81.85,12.9,0.35,1.25,0.65,3.0,26.95
Coshocton,80.9,8.6,0.4,2.7,2.2,5.2,22.9
Cost,73.7,17.4,1.6,2.5,0.9,3.9,21.5
Cotopaxi,77.9,11.3,0.4,3.2,3.3,4.0,23.1
Cotter,84.6,8.9,0.4,1.3,0.8,4.0,17.1
Cotton Center,82.3,11.0,0.4,1.3,1.4,3.6,15.5
Cottonwood Falls,79.8,9.1,1.4,2.3,1.1,6.3,22.1
Cotulla,80.7,10.4,0.0,3.9,2.7,2.4,20.8
Couch,81.0,10.3,0.6,2.3,1.3,4.5,23.1
Coulee City,81.7,7.8,0.5,2.5,4.2,3.3,19.3
Council,68.7,11.0,0.8,4.1,3.5,12.0,23.0
Coupeville,75.2,9.0,2.8,3.5,2.4,7.2,28.6
Courtland,85.1,8.4,0.7,0.8,0.9,4.2,24.0
Cove City,80.6,11.7,0.3,1.9,2.5,3.0,20.8
Covington,82.0,11.5,0.5333333333333333,1.9000000000000001,1.2833333333333334,2.766666666666667,27.233333333333334
Coxsackie,81.4,8.5,0.9,2.5,2.2,4.5,27.3
Coy,85.7,7.8,0.1,1.3,0.9,4.2,22.6
Crab Orchard,81.55,10.399999999999999,0.25,2.15,0.85,4.75,22.4
Craigsville,81.9,12.5,1.1,2.3,0.3,1.9,28.5
Craigville,75.7,16.8,0.0,2.0,1.6,3.8,22.3
Crane,80.45,14.0,0.44999999999999996,2.15,1.45,1.4,24.65
Crawford,77.1,8.5,0.1,3.7,0.6,9.9,24.2
Crawfordsville,80.0,11.4,0.1,1.5,1.7,5.3,22.5
Crawfordville,81.35,12.2,0.85,2.05,1.8,1.9,26.5
Crayne,80.3,12.2,0.3,1.5,1.2,4.6,27.2
Crenshaw,81.2,13.0,0.2,2.9,0.1,2.5,23.7
Creole,83.8,10.6,0.1,1.3,2.4,1.9,34.6
Cresco,78.2,9.5,4.3,2.2,0.7,5.1,38.7
Crestline,83.6,10.1,0.3,2.6,1.2,2.1,21.6
Creston,82.05000000000001,9.5,0.25,2.1,0.9,5.199999999999999,23.85
Creswell,75.8,12.4,0.0,10.0,0.0,1.8,24.4
Cromwell,79.8,16.0,0.4,1.9,0.6,1.3,25.6
Crook,76.4,13.9,0.3,4.1,0.7,4.7,16.9
Cropwell,86.1,8.6,0.2,0.5,1.1,3.5,30.1
Crossville,86.1,10.4,0.0,0.6,0.9,2.1,22.8
Crowell,83.05,12.05,0.0,2.05,1.15,1.7000000000000002,17.5
Crowley,84.7,8.8,0.2,1.2,1.1,3.9,30.0
Crown Point,84.4,7.9,2.8,1.3,1.3,2.3,27.9
Crystal Spring,77.9,14.6,0.2,2.8,0.5,4.0,32.1
Crystal Springs,82.7,12.8,0.4,1.3,1.4,1.5,29.2
Cub Run,74.2,16.3,0.3,2.2,2.2,4.8,28.2
Cuba,82.7,11.1,0.3,2.8,0.9,2.3,26.2
Culbertson,75.15,13.55,0.7999999999999999,4.6,0.5,5.45,16.4
Culebra,53.9,12.7,0.0,24.7,1.7,7.1,9.6
Cullman,84.9,10.0,0.1,1.5,1.0,2.6,26.4
Cumberland,79.6,15.9,0.8,1.7,0.6,1.4,21.7
Cumberland Center,77.2,8.8,1.4,5.0,1.7,6.0,22.5
Cumberland Gap,84.9,9.0,0.1,0.8,1.1,4.0,24.3
Currie,75.7,9.2,0.6,4.8,1.2,8.4,19.8
Cushing,80.16666666666667,9.966666666666667,0.2333333333333333,3.033333333333333,1.2333333333333334,5.366666666666667,24.73333333333333
Cusseta,67.19999999999999,8.85,0.25,5.75,1.0,16.9,19.85
Cut Bank,69.0,9.7,0.3,10.4,0.4,10.1,13.7
Cutler,85.9,8.9,0.7,1.5,0.5,2.5,25.9
Cuyahoga Falls,86.7,6.6,1.9,1.4,0.5,2.9,22.9
Cynthiana,88.8,6.6,0.0,0.8,0.8,3.0,22.8
Cypress,86.4,7.2,0.15000000000000002,1.65,1.1,3.5,24.15
Daggett,80.6,11.4,0.1,2.1,1.2,4.4,21.1
Dahlonega,78.6,12.7,0.1,0.3,0.6,7.7,32.3
Dailey,80.3,13.2,0.0,3.2,0.8,2.4,21.0
Daisy,73.1,11.6,0.3,2.0,7.6,5.3,21.6
Dakota City,83.9,8.4,0.1,2.0,1.7,4.0,17.8
Daleville,85.26666666666667,9.066666666666666,0.20000000000000004,1.6333333333333335,1.5666666666666667,2.3000000000000003,20.7
Dalhart,82.15,9.05,0.25,2.35,2.45,3.75,12.75
Dalton,77.6,8.6,1.3,5.5,1.6,5.3,20.4
Damon,86.7,8.5,0.2,0.8,1.2,2.6,29.1
Dana,83.9,8.7,0.3,2.4,1.5,3.2,22.4
Danville,81.76666666666667,10.5,1.0333333333333334,3.1333333333333333,0.8666666666666666,2.766666666666667,22.333333333333332
Darlington,82.7,9.7,0.3,4.0,0.9,2.4,21.8
Datto,82.8,10.9,0.0,2.9,1.5,2.0,21.0
Davidson,84.2,8.8,0.4,1.0,1.4,4.3,24.7
Davis,80.8,12.0,0.2,2.8,0.3,3.9,27.7
Dawson Springs,85.25,6.7,0.2,2.05,4.55,1.25,21.75
Dawsonville,79.45,11.25,0.35,0.6499999999999999,1.5,6.8500000000000005,29.45
Dayton,81.86666666666666,10.033333333333333,0.8999999999999999,2.7999999999999994,1.0333333333333334,3.4333333333333336,21.53333333333333
De Borgia,77.0,13.8,0.0,4.2,1.4,3.6,23.1
De Mossville,85.8,11.0,0.9,0.3,0.1,2.0,35.9
De Queen,70.6,24.4,0.2,1.1,0.2,3.4,24.1
De Smet,73.1,9.7,0.2,5.4,0.6,10.9,20.0
De Soto,82.0,7.6,0.4,3.4,1.4,5.1,22.7
Dearborn,82.8,11.2,1.1,1.6,1.3,2.0,17.4
Deary,65.8,12.2,0.6,13.5,2.5,5.3,18.3
Decatur,86.75,10.05,0.3,0.5,0.6499999999999999,1.7000000000000002,27.1
Decorah,70.95,9.05,0.1,11.399999999999999,1.7,6.75,20.15
Dedham,70.0,7.2,13.5,3.5,1.3,4.5,32.7
Deer Island,78.5,12.1,0.8,2.5,0.8,5.4,32.6
Deer Lodge,82.7,13.0,0.0,0.4,1.9,2.0,30.8
Deer Park,80.4,16.0,0.0,1.3,1.0,1.3,32.6
Deer Trail,76.2,10.4,0.2,0.8,0.7,11.7,40.1
Deerfield,72.9,8.0,5.4,5.6,3.5,4.6,21.0
Defuniak Springs,80.7,10.1,0.0,0.8,3.2,5.2,27.2
Delcambre,81.7,12.0,0.1,1.9,1.8,2.5,28.5
Delta,82.19999999999999,9.9,0.15000000000000002,2.1,1.6,4.05,21.299999999999997
Deltona,81.2,8.7,0.9,1.3,2.9,5.0,25.3
Deming,76.9,14.8,1.4,1.4,0.7,4.9,19.2
Denhoff,64.2,6.9,0.0,7.8,0.0,21.1,22.8
Denmark,80.7,11.1,1.3,4.0,1.1,1.8,22.0
Dennis,82.3,6.7,1.5,2.4,1.3,5.9,23.7
Denver,72.44999999999999,11.95,3.65,3.7,1.95,6.3,25.55
Denver City,77.95,17.7,0.0,2.4,0.25,1.7,15.8
Depew,84.4,9.7,0.2,1.0,0.5,4.2,24.7
Derry,84.1,6.2,0.9,1.7,1.0,6.2,30.0
Detroit,81.0,9.7,3.2,1.8,1.5,2.8,25.1
Devol,83.4,9.2,0.1,1.8,0.9,4.6,23.3
Dewy Rose,86.2,8.45,0.2,1.15,0.35,3.65,22.049999999999997
Dexter,81.0,9.566666666666668,0.3,3.733333333333333,1.4666666666666668,3.933333333333333,22.066666666666666
Diaz,86.7,8.2,0.1,1.8,0.4,2.7,19.7
Dickinson,82.1,11.2,0.2,1.9,1.8,2.8,20.2
Dilley,84.1,10.9,0.2,2.7,1.6,0.6,17.9
Dillon,66.6,9.2,5.5,7.7,2.9,8.0,16.9
Dingmans Ferry,79.7,9.2,2.9,3.4,0.7,4.2,44.0
Dinwiddie,87.1,7.0,0.3,1.1,1.1,3.5,28.9
Disputanta,85.6,9.5,0.7,1.0,1.2,2.0,30.3
Divide,75.2,12.3,0.4,2.7,1.6,7.8,31.6
Dixfield,80.8,9.7,0.2,2.6,0.8,5.8,27.9
Dixon Springs,85.2,12.2,0.1,0.8,0.0,1.8,29.1
Dodge,82.35,7.45,0.1,4.1,1.05,4.949999999999999,16.55
Dodson,73.15,14.7,0.7999999999999999,4.8500000000000005,0.95,5.6,21.3
Dolliver,79.6,8.8,0.4,5.0,0.9,5.2,16.1
Donaldsonville,86.4,8.2,0.1,1.1,0.8,3.3,30.4
Donnelly,73.1,7.2,1.0,10.5,0.8,7.4,16.4
Doon,79.8,7.9,0.0,5.4,0.3,6.6,17.0
Dorado,78.2,9.85,2.15,3.45,4.05,2.3499999999999996,34.6
Doswell,83.9,6.5,0.4,1.6,1.5,6.2,26.0
Dothan,87.1,7.8,0.2,0.85,1.9500000000000002,2.1500000000000004,24.15
Douglas,83.9,9.7,0.6,0.9,2.7,2.3,19.7
Douglass,79.3,11.7,0.2,4.1,1.7,3.0,19.6
Douglasville,79.6,12.0,0.9,1.0,1.4,5.1,31.4
Dove Creek,56.3,12.9,0.0,25.1,0.3,5.4,17.6
Dover,83.80000000000001,8.25,0.6,1.45,0.95,5.0,23.35
Dow City,76.6,11.1,0.3,3.0,4.0,5.1,15.8
Downsville,88.1,6.8,0.7,1.1,0.7,2.7,32.9
Doyle,85.7,10.6,0.0,0.7,0.9,2.1,23.8
Doylesburg,82.6,10.4,0.3,2.4,0.9,3.4,23.5
Drakes Branch,78.3,12.2,0.5,1.7,3.6,3.7,30.0
Drewsey,70.7,7.2,0.4,7.2,2.0,12.6,16.0
Driscoll,56.4,16.1,0.6,8.0,2.6,16.3,24.9
Drummond,75.6,10.2,1.2,4.7,1.5,6.8,23.4
Dry Branch,86.5,8.4,1.9,0.9,1.0,1.4,32.2
Dryden,80.5,3.1,0.0,5.8,4.1,6.5,18.6
Du Bois,76.4,13.3,0.0,1.8,0.9,7.5,18.2
Duck Hill,88.3,9.2,0.0,0.0,1.5,1.0,25.7
Dudley,85.5,10.3,0.2,1.5,1.1,1.5,23.2
Duke Center,82.3,9.4,0.4,3.9,1.3,2.6,20.2
Dulce,80.8,11.0,1.6,1.0,2.4,3.3,26.2
Duluth,78.1,9.4,2.5,4.7,1.5,3.9,19.6
Dumont,75.7,9.8,0.5,5.1,0.8,8.2,17.1
Dundee,78.2,15.0,1.0,2.0,1.6,2.2,20.7
Dunellen,73.1,8.4,9.5,2.9,2.3,3.8,32.9
Dunn Center,66.2,12.8,0.7,4.8,1.9,13.5,24.6
Dunning,50.2,13.3,0.0,7.5,1.4,27.6,23.9
Dupree,65.3,5.7,0.7,6.6,1.7,20.0,19.6
Durand,75.6,8.6,0.1,5.4,1.8,8.4,25.1
Durango,31.2,13.1,1.8,29.4,19.9,4.7,11.8
Durant,80.1,14.8,1.2,1.3,1.5,1.1,27.4
Durham,74.9,11.6,3.9,2.6,2.1,4.8,22.0
Dustin,79.2,7.5,0.7,2.1,1.0,9.4,25.0
Dutch John,86.5,3.7,1.4,0.5,2.3,5.6,19.3
Eagle,79.9,8.0,0.5,2.0,2.8,6.9,20.0
Eagle Pass,77.2,17.0,0.5,2.3,1.8,1.2,20.8
Eagle River,82.5,8.2,0.4,2.4,1.2,5.3,19.9
Earle,81.4,11.350000000000001,0.35,2.2,1.9,2.85,22.45
Earling,78.5,10.2,0.7,2.9,1.2,6.5,18.3
East Concord,81.3,8.3,3.7,2.9,1.3,2.6,21.2
East Jordan,78.6,12.6,0.7,2.0,0.6,5.6,20.2
East Nassau,80.8,8.8,2.2,4.2,0.9,3.2,23.1
East Peoria,86.7,8.0,0.6,1.3,0.7,2.7,21.1
East Prairie,75.7,15.2,0.0,3.1,0.7,5.4,17.0
East Stone Gap,82.1,13.0,0.8,1.9,0.7,1.5,22.6
Eastsound,63.7,11.6,2.1,9.5,4.0,9.1,14.4
Eastview,81.0,11.5,0.5,2.6,1.3,3.2,22.4
Eaton,87.1,6.9,0.4,2.5,0.9,2.1,23.6
Eatonton,80.5,12.3,0.3,1.0,2.3,3.6,25.9
Eau Claire,80.8,8.7,0.2,2.6,1.5,6.4,22.0
Ebro,84.3,9.1,0.4,1.0,2.9,2.3,29.3
Echola,85.8,9.0,0.4,1.4,0.9,2.5,22.1
Eckert,73.0,12.4,0.3,4.9,2.0,7.4,23.8
Edelstein,82.9,8.5,2.5,2.3,1.3,2.5,19.3
Edgartown,74.3,6.3,4.0,4.2,3.0,8.3,14.4
Edgemont,74.55,10.350000000000001,0.55,5.550000000000001,1.5,7.45,21.950000000000003
Edgerton,77.3,9.2,0.8,4.1,1.1,7.5,18.5
Edgewood,78.9,6.6,0.0,2.0,0.8,11.6,30.9
Edinburg,79.0,9.9,0.1,5.3,0.8,4.9,17.0
Edison,85.9,8.7,0.5,1.0,0.7,3.2,30.1
Edon,87.3,7.0,0.1,1.7,1.6,2.2,19.1
Edson,78.7,11.8,0.0,0.2,3.2,6.1,14.7
Egegik,21.2,6.8,1.1,36.2,32.4,2.4,6.0
Ekalaka,48.5,8.8,0.0,14.8,2.8,25.1,13.4
El Cerrito,68.9,11.6,10.1,1.7,1.9,5.8,35.3
El Paso,74.65,12.6,0.75,1.9,3.2,6.9,23.049999999999997
El Reno,86.1,8.8,0.2,0.6,1.3,3.0,23.1
Eldorado,80.4,11.399999999999999,0.35,0.85,1.45,5.5,20.4
Eldridge,85.8,7.0,0.8,1.6,1.0,3.7,18.7
Electra,86.4,7.4,0.0,0.8,0.7,4.7,21.5
Electric City,74.3,12.4,2.4,2.8,2.5,5.5,18.4
Elfrida,77.6,10.0,0.5,3.8,2.6,5.5,19.3
Elgin,79.65,11.8,1.4000000000000001,2.05,0.95,4.1,27.200000000000003
Elizabeth,84.4,8.8,0.8,1.2,3.0,1.9,27.5
Elizabeth City,83.15,10.8,0.35,1.25,2.2,2.25,30.6
Elk City,81.7,9.6,0.1,5.1,1.7,1.8,16.8
Elk Horn,79.1,9.5,0.3,4.65,1.25,5.2,18.15
Elk Park,79.7,11.8,0.5,2.4,0.6,5.0,22.9
Elkhart,78.7,13.5,0.4,1.6,2.9,2.9,19.6
Elkton,77.3,11.2,0.2,2.9,2.2,6.2,20.2
Ellabell,85.0,8.9,0.0,2.0,2.1,1.9,29.3
Ellaville,81.5,14.3,0.3,1.7,1.5,0.8,26.8
Ellenboro,86.95,7.949999999999999,0.4,1.7000000000000002,0.6,2.3499999999999996,25.4
Ellendale,82.7,7.7,0.9,2.2,1.6,4.9,25.0
Ellinger,83.2,9.2,0.2,1.7,1.2,4.5,23.3
Elliott,76.9,10.5,1.5,3.1,2.2,5.9,19.1
Elliottville,84.6,9.1,1.8,1.9,0.2,2.5,19.4
Ellsinore,73.7,12.1,0.0,4.2,3.6,6.3,20.5
Ellsworth,78.19999999999999,9.9,0.1,5.75,0.8500000000000001,5.199999999999999,18.85
Ellwood City,84.3,8.3,1.2,2.4,1.0,2.9,22.8
Elm City,83.4,8.7,0.2,1.7,4.3,1.8,20.4
Elm Creek,74.7,17.6,0.1,2.9,1.3,3.5,16.1
Elmendorf,79.2,11.0,2.8,1.8,1.2,4.0,24.5
Elmira,84.1,7.3,2.0,3.3,0.9,2.3,19.5
Elmo,79.9,10.0,1.2,2.1,1.0,5.8,18.0
Eltopia,81.9,11.9,0.7,1.5,0.8,3.3,20.7
Ely,69.9,16.8,0.8,9.8,1.7,0.9,17.1
Emmetsburg,83.2,8.0,0.0,4.2,1.3,3.3,16.8
Emory,81.1,11.7,0.0,2.2,1.3,3.6,37.0
Empire,76.15,8.95,0.8,4.2,2.5,7.35,29.799999999999997
Emporia,76.1,17.2,0.0,2.9,0.9,2.9,20.7
Encampment,77.7,10.7,0.4,4.2,1.5,5.4,17.4
Enders,76.0,4.9,0.0,4.8,2.7,11.5,12.2
Endicott,74.9,14.3,0.5,2.3,1.8,6.2,17.7
Energy,80.8,12.2,0.0,2.2,1.1,3.7,23.2
Enfield,82.75,11.05,0.45,2.3,0.8,2.6,24.299999999999997
Engadine,69.6,9.6,1.7,7.1,6.7,5.3,19.5
Englewood,80.1,5.8,0.85,4.65,1.4,7.15,21.9
Englishtown,75.7,7.5,8.0,2.1,1.8,5.0,33.5
Enigma,79.2,13.8,0.3,2.6,1.7,2.4,23.2
Ennice,82.1,10.2,0.1,2.1,0.9,4.6,26.0
Enochs,77.3,6.5,0.0,3.3,7.7,5.3,19.6
Enola,83.8,10.0,0.2,1.6,1.5,3.0,24.5
Enterprise,77.43333333333334,10.966666666666667,0.2333333333333333,4.266666666666667,2.8000000000000003,4.3,25.833333333333332
Epping,80.9,9.6,0.0,4.7,1.0,3.9,18.2
Epps,85.7,8.3,0.1,3.8,0.9,1.1,14.0
Epworth,76.8,13.7,0.0,1.7,2.0,5.8,25.9
Equality,84.4,8.8,0.5,1.6,1.5,3.1,25.8
Erbacon,78.9,10.25,0.15000000000000002,3.8,2.8499999999999996,4.15,28.85
Erick,85.6,10.0,0.1,1.1,0.7,2.4,18.4
Ericson,74.9,5.3,0.5,7.6,1.5,10.2,11.3
Erie,81.3,11.2,0.2,2.5,1.9,2.8,16.6
Erlanger,83.6,8.7,2.3,1.7,0.8,2.9,23.3
Escalante,80.3,6.1,0.0,4.8,2.0,6.8,13.1
Esom Hill,86.5,8.8,0.4,1.0,1.5,1.8,25.9
Essex,79.3,9.0,4.8,1.9,1.3,3.7,29.1
Essig,78.0,7.6,0.6,5.2,1.3,7.3,14.3
Ethan,72.7,11.0,0.1,5.1,3.1,7.9,17.1
Ettrick,81.3,8.7,0.2,3.9,1.4,4.6,21.4
Eudora,83.8,8.65,0.75,2.05,3.2,1.55,19.45
Eufaula,84.8,8.1,0.8,1.7,0.6,4.0,26.1
Eupora,83.2,10.1,0.5,0.7,3.0,2.5,29.7
Eutaw,82.1,9.3,0.8,3.4,2.1,2.3,30.5
Evans,85.3,9.9,0.3,2.9,0.6,1.0,31.4
Evansville,81.05000000000001,9.25,1.35,2.85,1.35,4.15,20.05
Evant,73.3,13.7,0.3,7.4,2.3,3.0,21.0
Everson,73.6,9.3,2.8,5.0,2.9,6.4,20.4
Everton,76.0,12.8,0.2,3.6,0.7,6.7,26.0
Ewing,85.5,9.7,0.4,1.4,1.0,2.0,28.0
Fairbanks,74.0,14.3,1.5,3.6,3.3,3.4,19.2
Fairbury,81.5,10.1,0.1,3.5,1.6,3.1,20.2
Fairfax,70.2,8.2,10.7,4.5,0.8,5.5,31.0
Fairfield,77.66666666666667,9.766666666666666,0.43333333333333335,4.7,1.6666666666666667,5.833333333333333,21.26666666666667
Fairmont,84.55,8.95,0.5,2.2,0.8,3.05,20.15
Fairplay,72.5,13.5,1.3,1.1,0.5,11.1,42.4
Fairview,84.8,6.9,0.0,2.2,2.9,3.3,21.9
Faith,66.3,5.9,0.4,6.2,1.6,19.6,13.4
Falfurrias,84.0,10.8,0.1,2.0,0.1,3.1,20.3
Fall Branch,86.2,6.3,0.3,1.1,2.1,3.9,20.6
Fallon,81.8,11.0,0.1,2.2,1.5,3.4,19.3
Falls Church,57.0,7.9,22.2,3.0,2.6,7.3,29.4
Falmouth,78.0,12.5,0.2,3.0,1.3,4.9,22.2
Fannin,76.8,14.3,0.0,2.9,0.0,6.0,28.0
Fanwood,69.0,7.7,10.5,3.2,5.9,3.7,30.7
Farber,79.2,10.0,0.7,3.4,2.7,4.1,19.3
Faribault,72.5,7.5,0.7,4.1,2.1,13.2,22.7
Farina,82.4,9.3,0.8,1.8,1.7,4.0,22.7
Farmersville,87.0,7.0,0.4,1.9,0.5,3.2,24.3
Farmington,84.5,9.2,0.3,1.9,1.2,2.9,23.1
Farmland,84.1,8.0,0.3,2.2,1.1,4.2,22.9
Farnsworth,80.6,14.1,0.0,2.2,1.0,2.1,16.5
Federalsburg,80.80000000000001,10.35,0.9,2.2,2.0,3.65,28.85
Felt,72.6,16.8,0.9,2.2,1.5,6.0,28.8
Ferdinand,85.9,8.2,0.1,1.2,1.0,3.6,27.1
Fernandina Beach,80.9,11.4,0.2,1.5,2.8,3.1,29.0
Fernley,80.3,13.4,0.2,1.0,1.9,3.2,31.6
Fernwood,76.5,9.5,0.9,6.5,2.7,3.9,23.3
Ferriday,86.6,5.7,0.4,3.3,1.9,2.0,22.1
Fertile,81.6,8.3,0.5,3.3,1.2,5.1,17.6
Festus,79.5,14.6,0.7,1.2,0.2,3.7,25.3
Fieldton,79.7,10.5,0.0,4.0,2.5,3.3,15.6
Firebaugh,76.9,12.8,1.3,1.9,2.9,4.2,22.1
Fischer,80.5,9.2,0.1,1.1,1.4,7.6,30.3
Fish Camp,68.4,9.3,2.9,6.9,3.5,9.0,33.1
Flandreau,71.8,5.6,0.0,12.1,2.5,7.9,19.2
Flemington,79.9,10.0,0.1,3.5,1.0,5.6,24.9
Fletcher,82.2,12.8,0.5,0.8,1.2,2.4,35.5
Flintville,84.3,11.6,0.4,1.1,0.5,2.1,28.1
Florence,85.5,6.800000000000001,0.55,0.8999999999999999,1.5,4.800000000000001,21.700000000000003
Florida,77.4,13.8,0.9,3.3,4.6,0.0,27.6
Fluker,79.4,13.1,0.5,1.5,2.7,2.9,31.0
Flushing,85.3,8.7,1.2,1.2,0.8,2.9,25.6
Folkston,75.6,16.2,0.3,0.9,2.7,4.3,28.4
Fond Du Lac,81.8,9.1,0.3,3.6,1.4,3.7,20.2
Fontana Dam,80.0,13.5,0.0,1.9,0.0,4.5,24.2
Ford,75.2,12.3,0.8,3.5,1.7,6.4,28.1
Forest,84.2,10.0,1.2,0.1,2.0,2.5,29.4
Forest City,80.63333333333333,11.1,0.13333333333333333,2.733333333333333,1.1666666666666667,4.266666666666667,22.833333333333332
Forest Hill,81.4,11.7,0.0,1.6,0.7,4.7,29.8
Foristell,83.9,11.2,0.4,0.6,1.1,2.8,34.1
Forrest City,75.9,12.6,0.1,8.3,1.2,1.9,20.7
Fort Bragg,73.7,10.9,0.5,5.5,1.9,7.5,18.9
Fort Buchanan,82.0,8.2,2.9,2.0,1.2,3.6,26.4
Fort Collins,75.1,8.5,1.2,2.8,5.2,7.2,22.6
Fort Davis,64.4,17.2,0.0,4.0,0.4,14.0,20.9
Fort Johnson,82.7,10.3,0.6,1.8,1.4,3.2,24.1
Fort Lauderdale,79.5,9.4,3.1,1.2,2.0,4.9,27.8
Fort Morgan,73.9,16.6,0.1,4.4,1.0,4.0,17.7
Fort Pierce,79.2,11.7,0.5,0.9,2.0,5.6,27.4
Fort Plain,79.0,10.3,1.3,3.8,2.2,3.3,24.0
Fort Scott,82.6,8.8,0.2,2.5,0.4,5.4,17.9
